Chain,AA,PSI,PHI
A,G,156.93104717575298,153.79102536573168
A,F,146.7081817116705,-142.86639344144248
A,V,146.41044335797798,-141.16132269667025
A,L,132.27461348174958,-134.54727745191457
A,V,165.60438915068048,-133.00233793879656
A,H,149.0246099708711,-143.27913104317977
A,A,16.98929688302443,-106.95478189661009
A,G,153.98496211961415,117.86514402708653
A,A,124.97364138276325,-119.96496392147203
A,G,-145.15682005312553,176.73487483675396
A,Y,147.9713705302359,-61.313301990404796
A,H,146.42657196411045,-85.81629859410653
A,S,106.09410245794184,-134.98078068605017
A,E,-4.059848686962863,-71.85441440057518
A,S,-36.35887111576654,-107.86201561661261
A,K,-6.827111074000492,-93.05875024079093
A,A,-37.851887823685665,-55.64923462821872
A,K,-41.27862608809698,-63.022303884909924
A,E,-41.66942000115172,-66.63601982695685
A,Y,-42.63937136553114,-65.21166321259778
A,K,-34.805411379182594,-66.6605036447305
A,H,-44.85391658538572,-68.22794092635026
A,V,-35.834711068993336,-65.11526758849445
A,C,-40.483764133835486,-63.193563825993365
A,K,-46.83570430290124,-62.266458710514975
A,R,-40.26073073425308,-65.58161742038239
A,A,-41.10042046693217,-62.39775607944134
A,C,-43.62433298588016,-64.29316337367807
A,Q,-47.46422585498978,-55.02798801060363
A,K,-46.59861828538028,-59.10889518876789
A,A,-48.82759590437154,-61.891590562611086
A,I,-41.993473284694275,-64.10722931764737
A,E,-37.236119770085914,-58.88876284603208
A,K,-42.602062450435874,-66.15312542731712
A,L,-45.06993218633246,-61.926446296269745
A,Q,-19.513793180561986,-65.47578445426088
A,A,-2.244820518309226,-85.24938698961961
A,G,21.149976704249696,80.2409922774636
A,A,164.31930163437394,-77.41671299548958
A,L,154.59338012758263,-70.09631644798364
A,A,-38.657231332157906,-58.241510064462915
A,T,-37.8897368219973,-62.98291432523254
A,D,-36.089295037306535,-70.07137803605364
A,A,-37.76350028471066,-70.54151585656378
A,V,-34.04335750544413,-72.69883465285895
A,T,-44.580447608568484,-63.40884878628772
A,A,-39.66142089086056,-60.534087882675934
A,A,-48.879078205926,-60.13809269660909
A,L,-37.45164384015256,-62.94073340800043
A,V,-46.04419463784827,-58.638047851961815
A,E,-45.02072469525032,-62.00335745672306
A,L,-43.68872202476051,-63.64969887041941
A,E,-46.42623095878041,-61.18611045020322
A,D,-22.85941404340023,-57.39792834643468
A,S,122.86372147166956,-68.30584534919858
A,P,-6.270981212632184,-65.20354710536735
A,F,-12.987054685505965,-90.39624332280631
A,T,145.64462025349556,-99.81787701727339
A,N,69.21443100025517,-83.34513159493235
A,A,145.699694343969,-168.69180604805354
A,G,-131.54375469559076,53.795951464788615
A,M,131.5408847542573,-69.07620743630777
A,G,5.612644186651318,93.87904332091463
A,S,152.9163482483512,-61.94314088045248
A,N,132.81602632773496,-61.600018946207946
A,L,146.72863603561586,-73.29026424109719
A,N,-172.26030528605023,-84.56016741600497
A,L,-20.11457931657914,-57.129397427980926
A,L,11.970073154839705,-103.28706505788846
A,G,30.29850192084037,67.61753848226215
A,E,157.71865909756713,-118.6469165798446
A,I,126.63365092379063,-97.04849746284721
A,E,117.79978814034081,-130.92352436944023
A,C,148.89253368722973,-109.04791827797143
A,D,142.5506899968823,-120.84880225105432
A,A,148.1336018060942,-166.02504590167445
A,S,164.04353492337702,-153.5902747511872
A,I,146.31537770422466,-152.1208509943336
A,M,140.41192532955338,-137.10423788071606
A,D,120.52987222457989,-105.53247460712207
A,G,-34.33923218910349,-64.14822330742295
A,K,-54.01046490250806,-66.55448461625319
A,S,-15.910935590006035,-92.8893997628534
A,L,9.960801917934306,71.44439766898996
A,N,163.81388753832982,-75.91337768846172
A,F,151.7232843935987,-143.47994606767287
A,G,138.6516585493821,-141.909874682238
A,A,152.6846090368873,-157.45823436618312
A,V,145.72858538515734,-137.32816546942328
A,G,147.20656411956477,-134.73381378005354
A,A,48.91684244696628,49.167494357363424
A,L,122.7523727061406,-98.99843330975867
A,S,162.74580576017917,-120.75174896182921
A,G,4.2567817737306495,79.30287319525348
A,I,122.95801463181141,-118.32773715579589
A,K,-47.02510506689262,-56.054972603645105
A,N,88.88483559209524,-123.5531458437641
A,P,-41.53132216125163,-48.490405104264774
A,V,-29.97898242606264,-61.208971967926885
A,S,-36.72955315940527,-65.29008246591727
A,V,-45.58182871855744,-65.44542722210957
A,A,-46.139335244073344,-58.796498138983864
A,N,-42.406261330589594,-59.82869235124206
A,R,-37.03456089333212,-66.35432469538827
A,L,-44.07185881681488,-62.270851404473184
A,L,-45.902789416646435,-62.64301401193164
A,C,-49.24677491977816,-59.66992501818641
A,E,-22.844817826758266,-61.90521073647528
A,G,-37.54716158408664,-66.52914740326601
A,Q,-45.82242746041345,-59.50334896360218
A,K,-37.29347070486514,-49.83934585739916
A,G,-158.7145208513597,96.30603824353129
A,G,150.693647639332,-101.92089534181449
A,R,136.71002639494122,-170.53447482926526
A,I,123.12454167272547,-83.73455239877894
A,P,160.26918491390455,-57.32795936153154
A,P,136.70213237681625,-67.16767445527012
A,C,-12.93279230928035,-108.5894803295912
A,F,114.30885569025524,-143.72765166677792
A,L,146.2905681828152,-123.99791479903395
A,V,164.6822272101478,-127.64656532141599
A,G,-138.64700775060624,46.81183338020034
A,E,-44.13896922380656,-54.05137237222294
A,G,-46.10588822514024,-56.033333397915015
A,A,-38.959561606153244,-63.04755178840641
A,Y,-49.128727321160135,-65.52313814215944
A,R,-46.8699217204943,-56.34286434601874
A,W,-44.15919303547313,-59.63627716001183
A,A,-50.83415121732245,-59.141099545534836
A,V,-38.829878580877406,-61.753381905097825
A,D,-19.9499968353111,-64.77280943924819
A,H,23.130983487263116,-108.96030750408609
A,G,21.378835966770147,64.55693864174414
A,I,119.97216783894999,-83.27546659381315
A,P,126.07753233683461,-46.68798054524597
A,S,148.10462914616878,-96.16895804263778
A,C,-101.82765277496071,-95.2779864794075
A,A,-75.18515037256746,111.96218399520097
A,V,153.111820138368,-127.66036475325625
A,G,166.93888761008134,-161.00286604671885
A,A,151.7634056909105,-157.33661366885875
A,V,140.52233061535964,-133.35730660747234
A,V,155.8576831201988,-139.42794136549972
A,V,127.1471701587025,-136.0005747058899
A,D,-179.6270248474933,-88.19599333600043
A,H,-6.023274650303665,-65.26212531571927
A,E,-0.6470765746412567,-108.13527922870381
A,G,0.6551973448744808,94.86969168053741
A,N,140.23667823937026,-74.97759848325524
A,V,152.40677822066522,-118.33664234105258
A,A,156.25736799833888,-145.8879460099393
A,A,154.32955358088154,-147.84419973468164
A,A,161.44168765899448,-155.86665744076285
A,V,144.02518568025798,-153.61453349148655
A,S,142.57596088966264,-140.49173594419338
A,S,156.12859814196017,-153.46134909410557
A,G,-4.613598832985095,-97.5093310188311
A,G,-176.6737207262714,75.87277142087305
A,L,138.9042638889834,-64.7241523770494
A,A,137.8028289258885,-59.95332764294184
A,L,24.777722058785688,56.94236500486955
A,K,151.38524931272002,-62.28038097023041
A,H,144.09210130138206,-63.37012926578976
A,P,138.28290675233723,-59.34322673755809
A,G,-4.867075766293152,89.24736416269292
A,R,121.54413353430907,-71.48536838355884
A,V,136.23700956665965,-109.43056965328313
A,G,-164.6791024289472,-107.04755720575073
A,Q,-22.956194621743258,-66.80397147563866
A,A,-14.761693311484605,-65.60312762030291
A,A,-9.679956022815075,-107.42701532185944
A,L,131.53379042470553,-99.29496333622414
A,Y,137.18424365326212,-56.332273340623445
A,G,-6.994193064609021,72.78773845893518
A,C,-52.27329492615944,-106.4574464926007
A,G,-39.93540321602307,-79.15932928496223
A,C,167.31868466553217,-154.2995081793789
A,W,144.59094097018342,-153.92906518362878
A,A,123.49587243201661,-148.66574731038347
A,E,115.710999482352,-151.81083013239893
A,N,163.8795865801535,-69.36676518334306
A,T,143.81233644375774,-55.3148873502564
A,G,178.69380569769385,-155.4072516360427
A,A,-47.12206540056618,-42.365879406066654
A,H,29.471758956111128,-115.50889897474732
A,N,79.56512157897171,-145.05527771527437
A,P,-40.02074274040345,-47.75253652540226
A,Y,149.1116130790496,-116.22087261622515
A,S,120.0490391419147,-83.45754851507348
A,T,150.31741420203144,-120.02317780765291
A,A,134.56077198049576,-139.0045260873548
A,V,143.5631118490849,-136.4149546264411
A,S,142.85466557453705,-140.24560798177285
A,T,173.4240170711226,-122.68391615962773
A,S,157.8711842275064,-162.61318875322453
A,G,-154.97492427807626,123.78327237802156
A,C,114.77254189731282,-65.48361082143545
A,G,-44.8458431231831,-52.541830287906215
A,E,-39.49881084601821,-58.653039358987435
A,H,-41.44023277023397,-67.11390887155854
A,L,-34.216823428134276,-72.70124752855655
A,V,-53.46850579867827,-70.66067674010982
A,R,-22.247597405936514,-58.845707545201094
A,T,0.19374088710646584,-104.20706635178074
A,I,49.2556933251356,39.50257364040224
A,L,-46.18722852273319,-52.044954317980874
A,A,-50.21126027283183,-57.73182664043745
A,R,-37.66567639194625,-66.10372354844297
A,E,-43.71828056471695,-61.34698210045103
A,C,-40.81707331941379,-62.402546850554174
A,S,-40.535607213774924,-63.4555652763264
A,H,-54.98739409237537,-61.875331186118736
A,A,-38.91540321921242,-51.85679589808365
A,L,-0.7876985233358754,-65.91304277551134
A,Q,-5.272761345163172,-88.40339838881566
A,A,161.63908740103778,-77.21209940367456
A,E,-46.61991977836291,-57.47337185795433
A,D,102.7309806785101,-101.26735984211652
A,A,-40.03628268251484,-61.41928698096644
A,H,-45.42987583653623,-67.30475564477109
A,Q,-43.000503770601135,-66.31892283163826
A,A,-47.749974194371546,-57.29857873852436
A,L,-40.405563782508466,-68.15007810815455
A,L,-45.54471820789466,-62.254141469708664
A,E,-33.5685443207363,-63.373524506398276
A,T,-47.580254090286076,-69.26741794280721
A,M,-30.548945331457954,-65.03866417212664
A,Q,-60.005983220061616,-80.49903138162719
A,N,-34.05953283574364,-81.25768538364295
A,K,7.169472002868887,-100.36001755264576
A,F,-77.58610593691118,-138.41842567393923
A,I,-46.445242332945696,-54.79310891466106
A,S,15.659587029184612,-100.23537091296036
A,S,133.13835382930057,-64.59640090661289
A,P,-23.6812976390124,-64.23360129385091
A,F,-13.767077949143452,-71.51892275005288
A,L,19.39763684124342,-116.34411600899064
A,A,-19.017871582330418,-59.37170228439327
A,S,-1.6122606769127101,-81.25683006425704
A,E,149.6012512256711,-103.62789276055412
A,D,75.8176816374579,-106.37417243525041
A,G,129.93909335482942,104.94792080563366
A,V,125.71151805361887,-107.43184735088185
A,L,110.87143543784369,-115.1460737689279
A,G,161.88550556399844,-165.82276329554378
A,G,154.69856896610995,-144.35481114898772
A,V,151.980328458598,-144.2823011780079
A,I,139.57055172892308,-122.06730671561317
A,V,151.29366698694673,-136.5490098724808
A,L,136.82362941007034,-139.0982437662581
A,R,124.02847163995753,-141.46297612462067
A,S,157.54077007983358,-134.68851425234075
A,C,11.41671843358656,-152.81834812935642
A,L,124.16593278662084,-110.81111338499146
A,L,114.00258884395299,-101.9170429978697
A,V,119.34718285275157,-112.2855818862997
A,E,129.210956790642,-104.5873480051294
A,F,144.85816532970753,-130.59331782579272
A,L,163.38116930076947,-145.0860860548425
A,W,142.3814531839503,-142.6921945413827
A,S,145.11953566967202,-150.22901614977263
A,H,158.75022606490884,-154.2799185246454
A,T,-5.160479873602098,-112.52793757147738
A,T,164.56355824668864,-80.55504821664209
A,E,-44.00517175874854,-51.90288054696412
A,S,173.0079561711193,-152.42809552450782
A,M,123.74250537484633,-161.2141256459273
A,C,127.14532233313311,-92.76123374365228
A,V,164.200052764904,-126.47389940965037
A,G,141.76906600525115,-152.2357042643378
A,Y,156.6165284025917,-143.41251170643224
A,M,140.09431857798174,-157.72292040442142
A,S,137.57127382374213,-106.35441266367081
A,A,-65.9692521142537,-56.16155192892017
A,Q,71.95309241738838,-75.3413758777702
A,D,-38.89824004816021,171.33251104168622
A,G,-164.89478460143346,64.72345847873329
A,K,102.16429890348279,62.0564179312895
A,A,133.8348932067543,-83.3175804082
A,K,137.34564391803056,-105.02899685191127
A,T,157.9612775238524,-125.61042528252811
A,H,133.7117927501176,-163.00305335091474
A,I,107.5161591590508,-95.88382616383147
A,S,133.8806687846113,-80.30537100720383
A,R,153.70121206243192,-130.72426625100707
A,L,142.27981962686246,-67.83409297023185
A,P,160.77823737468643,-49.20195664432421
A,P,126.65895010223124,-47.03163204325724
A,G,27.88116551135063,55.351074167437915
A,A,170.89498171988225,-77.39352742380288
A,V,113.92686257025017,-114.7559692667015
A,A,133.60149244681517,-61.77102601527473
A,G,-5.149525865829889,82.83510195268622
A,Q,-25.86137812135578,-122.79655511289373
A,S,172.67970934847264,-119.89285423078086
A,V,131.49763755012182,-126.28012811720204
A,A,139.08245612198016,-103.2012292101054
A,I,136.46188258980692,-148.89860704859174
A,E,162.72781011579988,-147.86173854925775
A,G,179.57433193757916,-165.3380971603046
A,G,-178.6677704446497,-162.1176508719725
A,V,145.92441686810352,-135.2702542909073
A,C,132.6998060947592,-129.58718733047687
A,R,117.84977229460385,-104.49771410540804
A,L,106.9281039005667,-103.6417921560422
B,G,162.0191422551488,151.0872497769326
B,F,147.77847170638907,-152.8996921185412
B,V,148.45237247383594,-140.99867727924757
B,L,128.45501874736624,-142.3491140360202
B,V,168.462512874373,-129.12775864083218
B,H,155.45033888318187,-150.04371483200586
B,A,149.2872386626016,-151.72523883523476
B,G,49.74062025671413,50.72763523617287
B,A,110.83879063816391,-72.49513000108485
B,G,-134.44840042378232,173.20747968407233
B,Y,145.48021751155704,-66.68824447242922
B,H,124.67634704026011,-83.33447993294608
B,S,100.20971478831548,-133.0735528450476
B,E,-35.67188168213485,-56.23825531717113
B,S,-29.709818654898747,-63.145026629475716
B,K,-11.676562719498376,-101.51656423894767
B,A,-52.92204529071547,-50.53677010811137
B,K,-40.2315909511574,-53.33105399775793
B,E,-44.57464860138956,-64.93884013459257
B,Y,-41.58014389480621,-62.99353104883249
B,K,-46.710731156819854,-59.29365569393824
B,H,-48.6028030584411,-57.729128837306675
B,V,-34.09546679969934,-67.52262442400433
B,C,-37.70590870425998,-66.13592905419925
B,K,-48.71461811160894,-61.604356798580014
B,R,-30.674354688759774,-71.01763161919438
B,A,-45.35987110835548,-63.265772441547355
B,C,-39.014107896106076,-61.486615250102474
B,Q,-43.001683253402966,-67.25908096200723
B,K,-42.73232217461367,-60.044213312856634
B,A,-46.969746297014815,-64.28649413831265
B,I,-41.476618985974284,-62.596498081162764
B,E,-42.378070513361145,-57.27030779099075
B,K,-59.54325486379319,-60.01551358320881
B,L,-44.984898693106715,-52.38147452480457
B,Q,-32.040422861061984,-61.59183223648259
B,A,22.090245387695298,-84.80157334319841
B,G,20.42244433997473,63.67626143687736
B,A,167.02622994202562,-69.47287292679523
B,L,147.23799407586404,-75.40474482184321
B,A,-37.17465417151368,-54.25429477305992
B,T,-33.24484961511802,-69.78833849771964
B,D,-37.09787858646753,-71.57342435816389
B,A,-39.83590785917794,-69.54696195862223
B,V,-31.944522749564708,-70.88335199290343
B,T,-41.62635646467587,-67.25339828480134
B,A,-42.3715705052075,-59.530991076208494
B,A,-45.04071160660799,-63.02138625547282
B,L,-35.18546310546004,-64.95781777970353
B,V,-46.43839865496211,-59.96746835579529
B,E,-47.36067485545794,-62.47820435295004
B,L,-42.05764838988537,-61.25172858429903
B,E,-38.16364865125238,-66.14338971985768
B,D,-18.55096139096895,-65.96635635277512
B,S,128.0548351536132,-69.10634858766326
B,P,-12.452989394901595,-65.96775495523744
B,F,-12.492282879986144,-88.82936945465661
B,T,139.8863053580156,-96.87588940113963
B,N,71.85016322032895,-79.54704060141931
B,A,139.37559380837877,-173.2056405716753
B,G,-136.9447188054308,58.07100264611969
B,M,125.09695841918753,-66.08441563155273
B,G,1.489655462470328,103.85975698310912
B,S,152.94550462274998,-62.60837451302686
B,N,153.74954520148972,-62.12468153628106
B,L,142.91775220504616,-92.39625962236869
B,N,177.39154523651962,-83.08445893691709
B,L,-34.03310838701694,-43.651554219389176
B,L,9.115596052452533,-93.02942743983387
B,G,9.905062036353172,77.78030054253456
B,E,155.41259467650278,-97.83263634105315
B,I,130.74206603177885,-96.66535253709357
B,E,116.31407570764097,-136.1027361806207
B,C,153.43353654363725,-105.18049673606991
B,D,139.4727281332344,-125.705207796075
B,A,152.5993009953105,-161.8470788568453
B,S,162.68674841847132,-156.6485739024751
B,I,145.80754460968916,-151.56650594107475
B,M,146.05991687403812,-133.44215208413993
B,D,116.93044555638174,-109.94477151572805
B,G,-25.52390747180051,-64.84131742566596
B,K,-54.31061684919731,-72.10939251719668
B,S,-16.369059843642212,-93.66704554644404
B,L,21.416689642117735,68.67181220248607
B,N,163.07963147090368,-81.74927027985477
B,F,147.99403779321702,-145.84767172764975
B,G,140.84452616165115,-140.438449510753
B,A,151.4285083355549,-156.42257796418502
B,V,144.4809558364191,-133.86111459247738
B,G,149.68929952558503,-135.6842439199797
B,A,42.45990093559518,49.14940859837608
B,L,131.60135238786054,-92.42150600561374
B,S,161.20771357657762,-131.358088288449
B,G,5.439407161059771,81.06173405047427
B,I,129.9063017760812,-121.0451441952599
B,K,-50.20035805798153,-63.01202228004554
B,N,86.16886028811594,-118.9154804483106
B,P,-40.46723896505292,-47.29032792744197
B,V,-30.806035459467523,-60.046133885066574
B,S,-32.148085917609286,-65.259632692806
B,V,-40.06517786421046,-71.86539534126534
B,A,-40.58005971746623,-67.12218550854087
B,N,-38.22260960332255,-65.05968022984196
B,R,-39.01986087926624,-67.11532026376968
B,L,-42.11204089177423,-60.322137128292525
B,L,-49.995062852767234,-63.81808511491953
B,C,-47.81293748497436,-57.73384670641907
B,E,-45.25569762073,-60.273399974948745
B,G,-35.643506952252764,-60.67207135338348
B,Q,-24.244687319630543,-62.21025118965493
B,K,-18.273452260332196,-65.26447609357893
B,G,176.33088818424403,77.97980176636466
B,K,-42.39016089983736,-65.36113326666695
B,L,45.23475580890001,-45.86866978534649
B,G,28.019465216035428,-128.0717002929855
B,R,160.81601481604608,-170.19477411090722
B,I,120.42261299553797,-57.83372925300511
B,P,145.20120328033389,-66.36731235345931
B,P,146.2204444906484,-77.52409130424138
B,C,-10.37782257103401,-116.71092759293212
B,F,113.87905236826217,-145.4052415064175
B,L,144.8541387038651,-119.83235974516802
B,V,163.21831287127821,-131.16384119393035
B,G,-140.91987238181866,46.46491571118632
B,E,-43.46666516379893,-50.49266296228952
B,G,-43.055299455867505,-60.16718621043419
B,A,-44.400520229512665,-60.478641445833794
B,Y,-50.622131178909484,-58.81686685599758
B,R,-40.870815325947994,-59.206031069584604
B,W,-45.336491742473775,-62.23116273697486
B,A,-54.575987777406766,-57.43092144040761
B,V,-43.84709616317345,-57.7860401685103
B,D,-19.201816679941388,-65.3030591746584
B,H,23.76016386242281,-107.04397984385035
B,G,15.985796288438715,70.79634549822144
B,I,118.4884369555366,-82.87089551218183
B,P,126.28596039789572,-45.16351450614197
B,S,-170.0799195274063,-105.67077734629724
B,C,148.6450010819166,-105.67760035998279
B,P,-13.446789727082866,-54.91972080564694
B,A,163.50726808270116,-112.40701459999046
B,V,152.4409824765608,-126.3347179103882
B,G,170.17993879029692,-159.24288015555427
B,A,153.7644571612611,-158.0721365066923
B,V,142.3376681245116,-135.73183354905814
B,V,156.04514245252523,-140.82126460320933
B,V,131.67115842592202,-139.47566879699318
B,D,-177.27467514399657,-91.9087534223576
B,H,-17.00379284490423,-66.24821528066147
B,E,-6.572140547109745,-93.34885486265925
B,G,7.807088810211805,95.65386166796408
B,N,132.91569373124486,-80.1215506617002
B,V,161.58135449952536,-111.85881745124259
B,A,158.77418286105785,-156.16662122896332
B,A,152.1736049779347,-151.79357876290578
B,A,159.6778618339232,-151.99002213413306
B,V,151.6058500493658,-150.4497049112797
B,S,142.3549554463327,-151.74801936910714
B,S,160.8956932576839,-155.86879307912372
B,G,-3.4946509470964067,-100.75828974700441
B,G,-170.34429931055928,76.6078407542938
B,L,137.52506223146477,-69.01173660058018
B,A,135.61858566350577,-64.38891104468252
B,L,19.948617411359287,64.77032529671412
B,K,154.11769455139887,-62.30836624247726
B,H,140.42096059252253,-65.27347886254388
B,P,131.7799343169012,-49.76161602216301
B,G,7.404467759074138,85.20261868342347
B,R,116.77730344846512,-79.82256312738647
B,V,133.27924546720723,-102.28407824713858
B,G,-168.51616809907745,-103.87598637998715
B,Q,-22.769402766359292,-63.453214099674
B,A,-16.377511153632096,-67.79024628119461
B,A,-9.350868494564551,-105.88765362177067
B,L,123.56221591926904,-98.35400244615754
B,Y,130.7699609269381,-48.472133489327604
B,G,-12.680557458075128,78.61951657443227
B,C,-50.35074610531371,-100.55161110584787
B,G,-38.292092858901185,-80.26040940127822
B,C,169.8369469774264,-156.0373802944579
B,W,144.85269397498107,-160.62319128992988
B,A,129.5403517320988,-149.0088380968094
B,E,117.38818463847586,-153.11335342910107
B,N,161.96467837455202,-68.49598386527029
B,T,148.40126411959324,-52.99618444682881
B,G,-156.80414812033624,-144.90099469510744
B,A,-34.148038456145066,-82.55441474846332
B,H,24.813176177882465,-113.57904488806771
B,N,79.71365621688723,-154.43571260764992
B,P,-13.041696199600574,-54.68761820803028
B,Y,152.53445961866902,-126.22397304916022
B,S,120.71951190925417,-94.9185150845094
B,T,147.4709987468565,-124.91631667354294
B,A,133.9140157234727,-136.68975055939384
B,V,143.75336923696386,-136.86483945105442
B,S,138.26677126609306,-140.0706322547001
B,T,173.72897227060176,-116.93959714867563
B,S,156.7592674342891,-165.4166610850392
B,G,-148.32821815345667,127.30572884419745
B,C,111.31100133907556,-72.37185262529196
B,G,-52.70389370364428,-44.754425790728014
B,E,-51.30296163939491,-51.68860856847341
B,H,-43.54802239521119,-59.9367230933503
B,L,-34.71969398162384,-68.0984339204689
B,V,-51.77314677661788,-73.51466699497752
B,R,-29.32116928669944,-54.24547820705175
B,T,-2.617398397307532,-101.56019198304367
B,I,50.51746295856723,41.67585568517813
B,L,-51.37264673524933,-52.603432420870185
B,A,-48.79940776722138,-52.396764662385806
B,R,-41.404934594119325,-67.19088356941023
B,E,-42.49517203216251,-57.71344964994994
B,C,-46.630314924305495,-61.93980174646073
B,S,-40.30903427945246,-60.270320759025545
B,H,-41.07424009605428,-67.73159910276387
B,A,-38.720332375282574,-63.485652578377916
B,L,4.419964321890436,-65.0353140121675
B,Q,-3.033239557697994,-87.12416396719888
B,A,151.2481931921755,-85.01199837236017
B,E,-51.414506018199596,-49.478808741717764
B,D,101.85302797999465,-83.0559077331432
B,A,-44.925122213501886,-62.531722077812915
B,H,-42.84795483216816,-58.80829289342605
B,Q,-36.92851156533425,-73.75216372713098
B,A,-45.940604093663445,-60.0051682059796
B,L,-45.943226612749896,-68.84807014457797
B,L,-44.79320760928742,-59.52749843649785
B,E,-35.40127104899973,-62.16835174747362
B,T,-47.12159770825799,-70.6612786379926
B,M,-36.329384716175504,-61.649894549162376
B,Q,-61.340460801228794,-79.35953727275066
B,N,-45.139212090721045,-74.16298044778591
B,K,-0.01477718373965146,-90.76118564815343
B,F,-82.22492474119449,-128.50015987551444
B,I,-49.698232372928935,-50.72364083320642
B,S,12.943072186542157,-96.7849027427135
B,S,135.4753873261848,-63.58234560320008
B,P,-24.094380240582062,-60.350910675455424
B,F,-7.120991034041458,-73.38362174096662
B,L,11.943955168502164,-129.85839476182693
B,A,-34.04824814614808,-51.85689436385607
B,S,-10.24952379726646,-78.9814395711578
B,E,136.76162093835148,-83.70928682696372
B,D,82.67366510276888,-92.6127898886166
B,G,133.15305772462582,104.88389837701598
B,V,118.56558137805,-119.04151064467607
B,L,114.1546574128918,-112.28763033942023
B,G,162.19213640498796,-167.66262798052276
B,G,154.49781713024078,-144.0880480812571
B,V,150.43495023124106,-144.2016178213843
B,I,142.3681673213081,-121.78308984601918
B,V,152.09244034612777,-140.47114332161354
B,L,134.38552673005995,-140.54874309963765
B,R,122.91635912977006,-139.37398242913883
B,S,146.9507896444639,-120.66692549900196
B,C,-7.618269566840788,-140.34178217294868
B,L,111.40216184875919,-99.16910439751116
B,L,123.71619862628816,-93.61055180932595
B,V,112.74711568831324,-118.66734719638181
B,E,127.44398006846973,-99.9099264203088
B,F,138.3220894902005,-126.61616938663215
B,L,159.19899546104327,-148.80849110778823
B,W,147.45950844218822,-137.32217946410807
B,S,149.18596535494208,-148.13380680657377
B,H,155.88128158834581,-161.157752004316
B,T,-1.2837194728301158,-110.36568735240029
B,T,167.18736061787357,-83.77628013440227
B,E,-40.88503041112162,-57.793127749974
B,S,175.72287117117244,-151.3372513800993
B,M,129.1676381647746,-166.66006647577117
B,C,130.63460208957918,-94.2712415558211
B,V,163.22020469835365,-127.6379935806145
B,G,138.95795125516293,-149.1369163863648
B,Y,155.47263904570116,-143.26022337962596
B,M,141.163604725035,-160.51002763284708
B,S,152.52458057803938,-97.7614968433678
B,A,-12.477366461169941,-76.25519619751724
B,Q,-19.534441231227856,-108.33632122601891
B,D,-25.108035475798165,-88.24589097519036
B,G,172.1428682944513,60.14764783674133
B,K,108.22314163925199,62.14616551363465
B,A,146.3836151271134,-71.57197663836243
B,K,124.65964632340183,-116.35854931146511
B,T,147.2296495055977,-118.15684171495275
B,H,141.76126622121396,-154.43232882859053
B,I,100.99150886967462,-99.08422047577355
B,S,132.331482569885,-77.60901888986487
B,R,149.94866862477994,-130.26789260347863
B,L,144.14010264337537,-63.53837404756087
B,P,155.76645316108687,-57.01812760949223
B,P,140.52490866029845,-64.46089082987254
B,G,-3.636544176468729,85.420166919363
B,A,143.42879041477931,-93.14805014637587
B,V,130.12920784245995,-100.4569641058871
B,A,138.3142338905025,-61.23250807643433
B,G,-6.477702153683082,78.51078618306155
B,Q,-7.381340109608727,-124.82389296445682
B,S,173.51218901927524,-140.7991754351166
B,V,144.44366534353313,-125.60577428581146
B,A,143.19949110338155,-120.31663142708594
B,I,136.47246741632057,-154.0916392999979
B,E,171.12864552522234,-148.73595962100168
B,G,-167.64332900834296,163.3762609650797
B,G,-174.47977281478276,-171.20214138298638
B,V,141.55097470139012,-121.72522787511704
B,C,139.78453364315237,-129.07757330585704
B,R,133.82818148169304,-107.69839281033596
B,L,150.58426473075397,-118.93547565419354
