Chain,AA,PSI,PHI
A,E,-3.1323084619789845,-150.24868467645578
A,S,-13.761388943564432,-94.98017092974612
A,T,158.07229485842404,-125.30357340435317
A,L,-51.48177088964806,-60.404961370549714
A,G,-49.08861882722537,-57.362707029661784
A,A,-41.9777947368737,-60.70064221417004
A,A,-40.071696643189625,-64.26265597308927
A,A,-36.79785130984595,-68.37718635408774
A,A,-21.626902239481296,-60.72082542838664
A,Q,-24.264410256156655,-61.867292982422626
A,S,17.7007230890616,-112.84175204364944
A,G,15.00455007531593,76.99543719956185
A,R,173.2586589379662,-107.40108768100372
A,Y,165.26800399452134,-123.14706655054455
A,F,113.19496973915055,-137.0874155636372
A,G,-174.77548586625946,-119.69906807959899
A,T,170.62516476800144,-148.39406614809866
A,A,131.3324013609814,-94.37788335020065
A,I,135.54334285484416,-109.7973996607089
A,A,120.8155920578636,-107.56770899724943
A,S,-34.65676677123345,-54.71352942528335
A,G,-6.909917900964319,-67.69892747526043
A,K,0.44804872219771136,-111.67787678498914
A,L,-9.650785706372544,-68.79595915553911
A,G,0.7945427278499295,-96.94695156944901
A,D,105.26869829143831,-93.56270482526159
A,S,-41.353931011340514,-54.57275152924453
A,A,-42.02989585087985,-62.27378924450116
A,Y,-54.891917562267615,-63.23342184774674
A,T,-30.42753812656293,-65.94597786664593
A,T,-45.48769733852828,-61.744898321069975
A,I,-48.915445256987766,-70.24939825072437
A,A,-44.9822994847426,-59.477874875131775
A,S,-32.305093718306004,-70.21686707300852
A,R,-44.029645036565036,-74.414492853986
A,E,-23.24864826544358,-89.6981674051881
A,F,143.755874315005,-117.55111058561086
A,N,17.901754297210495,-118.00908222970868
A,M,136.78461974256365,-146.05458416012044
A,V,140.83679257817067,-129.51197851750754
A,T,132.11423047424373,-126.17291638569662
A,A,125.49259413247604,-73.71784212483021
A,E,-37.00977798354841,-61.7804832968715
A,N,-20.65955837177627,-144.98545902466628
A,E,-14.429068447327822,-59.97094953697149
A,M,13.293647177434387,-115.89134938283775
A,K,170.81485514096957,-77.71179299502946
A,I,-53.58378441966471,-56.753640616977734
A,D,-35.384661859195894,-60.77043986805097
A,A,-36.005286830430805,-72.89395178868236
A,T,-21.881059378483908,-92.90806616960093
A,E,68.83856471776146,-140.79363020194677
A,P,-38.38209723457019,-53.99121823469017
A,Q,140.9326258030178,-124.38177895945306
A,R,121.31010518509945,-47.16295866172852
A,G,-6.88314104514762,81.59890454596241
A,Q,96.8965105491036,-105.81679057547909
A,F,144.779281429076,-85.13442808262363
A,N,119.28183484668392,-141.8845758665318
A,F,21.696930744114436,-115.96431331250251
A,S,-53.78306236161801,-60.1122544007687
A,A,-43.85617430928183,-69.93428045184727
A,G,-44.83440939672314,-59.73549379337308
A,D,-29.079405348572667,-68.13844063276716
A,R,-41.26842595706284,-66.93360086702846
A,V,-46.723250311435685,-70.30002806192749
A,Y,-47.108255397944426,-58.33377973493627
A,N,-41.61981683602393,-64.56895248110303
A,W,-44.3012328164051,-60.18519822164644
A,A,-56.95340331749638,-59.17785357966163
A,V,-42.67579354774006,-62.570916526520314
A,Q,-22.705820112065776,-64.23835375706807
A,N,14.930562932130512,-104.72394564752787
A,G,29.279114137060265,79.03176239549889
A,K,144.0413894303479,-117.95584248467578
A,Q,174.74088177945623,-78.50802779720179
A,V,141.7090899974703,-133.1368947394174
A,R,125.01796257660476,-109.38793042980049
A,G,137.12173392599476,-79.05187560607939
A,H,114.54989669932768,-151.94894648009978
A,T,145.2715983410116,-140.09041891115885
A,L,-40.16000787969425,-74.33214978398442
A,A,117.70591232392268,-150.05553976030026
A,W,171.34796317244252,-164.4552512462045
A,H,-28.98769995975726,-77.5997331007325
A,S,152.24263895669347,-82.80827487280894
A,Q,34.82478165129347,51.10850366987475
A,Q,143.09532481389226,-79.47861892197977
A,P,158.0034996674121,-61.98929047861537
A,G,-48.091704937202216,-48.22410130014606
A,W,-35.36034424976062,-59.95931330382397
A,M,-31.63149777662752,-76.08254585304341
A,Q,-27.794574654710217,-64.1846957614473
A,S,-6.835429183954398,-89.17965779320753
A,L,161.6977366676693,-80.64351121643519
A,S,172.24623365941625,-155.76171739281216
A,G,-144.20881353023546,43.4357328599503
A,S,-41.197600264488706,-52.09659023500607
A,T,-37.198054140809525,-64.86621708197998
A,L,-39.614041495778714,-69.48715002661945
A,R,-39.305996453019326,-62.50537726178989
A,Q,-36.388485254498214,-72.04481132314145
A,A,-42.5967557106653,-62.68356682435042
A,M,-47.51288876548395,-58.59998829692956
A,I,-44.18267487970401,-62.05516313296048
A,D,-38.3693218329564,-63.344469071800326
A,H,-47.32372037282683,-63.471678321903525
A,I,-47.73220116009249,-57.048620377723665
A,N,-37.90349711656949,-64.23295478641933
A,G,-49.69515458268438,-66.7408957910404
A,V,-52.4112356809093,-68.65245214160817
A,M,-35.4162602987536,-61.808286661231925
A,G,-38.70351829149147,-61.46644906130641
A,H,-37.89504496713576,-66.07938506688882
A,Y,16.367465018208524,-105.55228190844714
A,K,125.68730534744209,-46.78077411649935
A,G,5.8922009225898355,73.21860880790581
A,K,-2.2388628023863144,-114.29611821987211
A,I,126.9882145376762,-110.36393449198638
A,A,-46.12704452073051,-68.49549417247803
A,Q,145.2338303985751,-140.55459452404446
A,W,128.66746974443907,-123.39039715833606
A,D,94.72848442525607,-83.33905118912953
A,V,-48.285274392054085,-67.57788256905141
A,V,143.72385480649933,-130.6729215691376
A,S,156.81256254632916,-141.79603564019877
A,H,49.71634629925634,46.732170992133625
A,A,-8.745156188690464,-92.66063973569268
A,F,154.4298950091202,-110.93563944226189
A,S,163.77884230888563,-80.81901438937986
A,D,6.625147223656818,-113.21384341662946
A,D,-9.290521751392982,-69.34969495519545
A,G,3.594128633965577,96.64887085011978
A,S,-27.790206074176936,-84.50757289304532
A,G,11.393328147554389,83.4406634603631
A,G,178.61178916602452,-100.90225634484693
A,R,148.77941794879766,-67.18513775402623
A,R,146.87888761429872,-85.6605858548254
A,D,118.92215039140571,-70.43420797110907
A,S,168.20080457656675,-151.5107497097599
A,N,-37.89418573979765,-61.65202089032293
A,L,-43.29160404792154,-66.17291430860388
A,Q,-30.56444271361023,-68.25106848415092
A,R,1.8927802877839557,-78.09601900941371
A,T,-7.453711474282209,-96.97508507868186
A,G,136.84976310898085,140.13264359429752
A,N,-14.785613632051334,-62.1883317303257
A,D,6.249326135607146,-89.61497810342817
A,W,-36.32359995666221,-59.86242481597004
A,I,-49.885112951984,-64.73568699054039
A,E,-42.180382206572226,-56.979484061300234
A,V,-40.1567293821948,-63.98322044461334
A,A,-44.55300090416762,-59.63064515892303
A,F,-43.90237224999332,-68.25671945372284
A,R,-39.755891897303314,-61.20212465252297
A,T,-48.712330373032756,-63.67764535394109
A,A,-46.215149030025785,-58.01350726589753
A,R,-45.006452722012874,-55.57334295815138
A,A,-42.93386762358758,-66.2341521132135
A,A,-41.23556865493372,-60.630621243259796
A,D,92.21443930567641,-152.31359577858058
A,P,-14.362397276102383,-65.10126559692212
A,A,-15.448072473060952,-83.50830937070744
A,A,142.86834752270047,-93.62269963162262
A,K,130.2896815060613,-79.44355433370384
A,L,118.94481102464013,-97.24386536209306
A,C,151.6672267154517,-114.39776445229113
A,Y,126.61848956984008,-106.14326514234332
A,N,139.56879946595868,-118.92939363111454
A,D,167.13099473723446,-162.75695805020814
A,Y,165.85289149479772,-114.90746157933386
A,N,32.37126853146178,59.260466847505995
A,I,21.210015748992486,-124.68596465977737
A,E,-38.66755909313676,-87.29867942323013
A,N,118.93333783786487,-80.83348642730738
A,W,-29.017492448091634,-59.41749422806925
A,T,-13.325098234656423,-77.32961246011845
A,W,143.4989355617407,-74.79966472454083
A,A,-36.26090129423789,-63.183603206017615
A,K,-39.40868015441467,-63.44274768515257
A,T,-43.24192117866818,-62.28036460876893
A,Q,-36.88533855358674,-65.83768996394956
A,G,-47.49435999659593,-61.034127042432125
A,V,-43.516566303130126,-65.06487070298645
A,Y,-50.981011497272334,-55.54487418699083
A,N,-40.46970402795519,-58.52307928003683
A,M,-47.30643401016671,-64.41279827848808
A,V,-40.97784753672262,-63.80556061924863
A,R,-45.02747253630243,-61.55604330392937
A,D,-48.14568121910763,-57.894691158562736
A,F,-47.71600523820151,-55.711225258960376
A,K,-38.65816096658183,-63.95243149057785
A,Q,-39.34613836039723,-66.92413618318722
A,R,-2.1596436540999058,-89.56032916811841
A,G,10.977590382646714,84.8310592886701
A,V,126.14802593332058,-63.29877164934027
A,P,94.42607075105596,-64.97822692487343
A,I,129.19771560073553,-137.8656897057813
A,D,-18.103450570421906,-109.40564237625482
A,C,160.53887423992776,-154.12863840190528
A,V,125.81887964661041,-126.81363709189677
A,G,130.35060057128283,-100.87157639363578
A,F,107.95901761282035,-107.89470299569128
A,Q,-39.34101733671848,-52.420249899199405
A,S,49.875369412373196,59.432763403979365
A,H,89.54340195599698,-93.27385997659123
A,F,136.26591376337282,-91.52369800259474
A,N,175.9843191937517,-158.59451928185223
A,S,-11.184264024160546,-65.12327068553756
A,G,-33.18708858774137,-83.74869279733737
A,S,76.71048431871675,-142.92857579821077
A,P,154.43009747721547,-69.91975562091088
A,Y,144.75654556646586,-68.01261759981873
A,N,142.47073082528297,-136.10030497415408
A,S,-24.293658917988694,-52.676298115470736
A,N,-0.4836092604468503,-70.52682966757773
A,F,-37.11616467663919,-61.565398722514786
A,R,-40.457884591522536,-62.068661384861194
A,T,-41.22931149695534,-63.83680972150986
A,T,-48.365697929292594,-60.30818277171418
A,L,-44.28237225459823,-59.0477775059372
A,Q,-37.807473508713265,-65.72936800924327
A,N,-40.41454978259132,-65.98578579590932
A,F,-40.980597302574296,-70.36842074346767
A,A,-34.2887733910343,-59.13928898266674
A,A,-17.8080378506713,-67.05256036354557
A,L,-10.09032946604607,-79.85788904642119
A,G,23.256980837175174,97.8676416970009
A,V,156.0093393134431,-124.0848248329285
A,D,164.3795383176051,-83.30534457756764
A,V,153.81419532282007,-129.2840462638683
A,A,141.87772680617095,-146.6003754132264
A,I,107.17250617274239,-94.36574164141294
A,T,-27.45536870507923,-92.6974704218055
A,E,43.593525479544205,-143.13542892077257
A,L,128.18453177790195,-58.769716300918795
A,D,142.9375579494621,-156.93415129490938
A,I,120.19291669081488,-128.25206018205446
A,Q,119.68303868761262,-54.66075680636159
A,G,-11.85883464111731,89.81395623211087
A,A,47.13003428030584,50.19981511876115
A,S,127.77512015865686,-54.73001307192858
A,S,-44.21069528349497,-59.58557821998666
A,S,-42.15260518191688,-62.728648443749236
A,T,-43.198706961715914,-67.33040152565364
A,Y,-40.92652556354919,-62.437935112294646
A,A,-37.9774574629979,-67.93751310754477
A,A,-46.37323387782024,-61.52484104549712
A,V,-39.85726272898248,-64.24207764010146
A,T,-45.1676578079641,-61.8420016843116
A,N,-25.11170607991544,-68.74760555404158
A,D,-41.92626547912636,-67.01668588085452
A,C,-42.88646417456535,-66.51964389934771
A,L,-25.385788728742046,-62.84302743131566
A,A,-7.021814877304135,-82.64924388693903
A,V,109.8087966839569,-117.18858505376276
A,S,-33.59602863212617,-53.330746560426306
A,R,-0.8502123880063949,-83.67334738973808
A,C,111.05015170195585,-80.16332355414883
A,L,-31.527587790442617,-67.98992484797866
A,G,-177.10169390517635,166.21240318269963
A,I,134.533946680949,-128.88730781718672
A,T,127.87402566881399,-120.77336252321147
A,V,142.51241747744243,-94.69214121161127
A,W,65.5162717481402,-79.58098957817157
A,G,165.4832048158401,133.72042813519178
A,V,-66.29265925915496,-94.06467701572586
A,R,156.63780763614326,-107.2936660293605
A,D,-35.37625577331353,-54.182538917370195
A,T,-13.615073713977269,-68.3013389925051
A,D,-7.268717457319448,-97.15051680832212
A,S,146.1208393183276,-72.23683063516339
A,W,-12.553703943919603,-72.84441548466431
A,R,55.06242172110966,-133.19981980546598
A,S,-32.23014957152241,-54.557239787420635
A,G,-24.066787326308187,-60.052870085825376
A,D,8.953067956204245,-93.85253704861397
A,T,60.13208990074941,25.061020339094387
A,P,0.7255972321508607,-89.99432413260018
A,L,-172.02850094841952,-103.69822948373005
A,L,-11.909400049902777,-93.52008021121864
A,F,145.95580775037797,-124.61175023707978
A,N,168.16567626712265,-81.28664033956174
A,G,-34.44959033364244,-58.1364792870075
A,D,5.61217601966634,-80.59176077717058
A,G,0.7788501821610393,86.61291520440169
A,S,143.4738250343224,-76.31412677755472
A,K,134.2008791138945,-70.20934478221677
A,K,166.6661148961774,-87.40183954578504
A,A,-35.33725055370371,-55.151101853176364
A,A,-31.551390111199044,-63.341878238851756
A,Y,-46.64474296352159,-60.834679677976254
A,T,-37.48035702555614,-65.00538368467491
A,A,-41.91843195787339,-63.24282240659095
A,V,-47.2647490212615,-67.89678734071124
A,L,-42.332755250259815,-58.825383665834025
A,N,-42.51360505673347,-61.76035201486027
A,A,-44.90377845420202,-63.796676126957564
A,L,-32.14903929953168,-63.04673371762131
A,N,7.123370585435072,-83.57759182230497
A,G,30.33606481935982,76.60968835859768
A,G,-157.17003457276235,-86.42121175339129
A,G,173.04891616528874,104.50911250360336
A,Q,152.1055393821524,-80.94273826286292
A,I,107.2254174029809,-120.21200902398166
A,K,132.32281835885837,-102.17145481106203
A,G,133.24040079673279,-76.0694522762731
A,V,-48.54998079455854,-65.16024323249792
A,G,-34.3602320390622,-66.44168940367229
A,S,-29.446124580829185,-97.62765815322507
A,G,10.310452976286415,76.55030247584963
A,R,158.80823974856088,-108.75561518485253
A,C,150.0237600984888,-95.57305891664919
A,L,120.30225966342228,-64.58352066584457
A,D,141.16384875535817,-134.9052548610608
A,V,112.02357211565047,-93.69517668235626
A,P,124.57284222005116,-40.27754626559391
A,N,25.730493312479084,51.72915959729376
A,A,32.33582327359626,57.6953986180321
A,S,148.77988050939274,-68.40792148501907
A,T,10.339064906969027,-117.25768535459184
A,T,127.4547324886785,-72.48277652850513
A,D,135.26105118719997,-60.568293717757825
A,G,2.6161762788246743,95.5364076673089
A,T,117.074219708157,-79.84218487017036
A,Q,135.27395158597844,-70.38466178901582
A,V,161.8384205452223,-79.12464818327743
A,Q,-179.5801406900447,-144.0571860989677
A,L,143.29863276146324,-98.18381127513781
A,Y,147.90394835927495,-160.50061252272005
A,D,129.85557534166492,-44.42611284184627
A,C,138.0827866212407,-70.50309511227783
A,H,163.3762916589028,-164.61400678905898
A,S,103.08613166675131,-68.02340730214084
A,A,143.19132345484022,-158.57344696141845
A,T,-24.90054909502123,-63.215447806862095
A,N,7.44645740654212,-79.29186190030725
A,Q,4.365030010408817,-127.91424304991632
A,Q,108.82737612374824,-99.07061130322008
A,W,139.88436827024202,-110.25269999337665
A,T,122.21356480322729,-116.77230858895243
A,Y,114.80329711849268,-88.59503502914498
A,T,166.83878256782802,-90.00424615564197
A,D,-22.11748211162344,-63.85112291428324
A,A,-6.442854929539507,-83.32715643017093
A,G,14.320641249325668,93.76567509133314
A,E,159.69427102170553,-88.16326021004191
A,L,96.66916306529724,-120.19176510533232
A,R,149.01458029733178,-90.82583703033092
A,V,144.46027186159907,-140.61723808400993
A,Y,-0.46641087630641476,68.13256711962796
A,G,-38.43396080926222,99.17027665070675
A,D,17.626855752646033,-134.83668582381756
A,K,144.78871330726045,-110.53435271661114
A,C,143.53023907214575,-121.48308673770983
A,L,125.6994689905214,-63.88321941575385
A,D,134.79434315015632,-131.7562433401416
A,A,125.23748818670997,-95.69627959814038
A,A,23.631177617493915,-83.50216520521352
A,G,-165.29459230493632,167.7926817177498
A,T,-7.733700595753787,-125.39432271250178
A,G,175.19624109956766,-101.96071508998338
A,N,138.48816192522582,-56.81615249461864
A,G,-6.096026450605099,91.24361453879278
A,T,133.0140437080431,-59.018362665730464
A,K,133.72728851320687,-70.86484985661438
A,V,125.30777277661556,-106.31638080191762
A,Q,-169.7666650639556,-141.22722079796642
A,I,145.64283489566836,-108.11494542741937
A,Y,153.7063983016329,-156.95270585243347
A,S,133.96582558369502,-51.421483333181065
A,C,131.8027594978649,-69.4656021796837
A,W,-4.0485713370211425,-142.66707965500675
A,G,5.926641607229804,96.83990675626211
A,G,152.83150099041578,-65.93326411669094
A,D,-15.72617013605182,-68.65121733922338
A,N,3.0945787595572285,-82.49149248596983
A,Q,10.836759483146274,-119.99389454756398
A,K,141.6761059178641,-114.17541781670135
A,W,151.688051163734,-135.65261881338031
A,R,124.60192382800035,-111.8337689798102
A,L,100.58526270319099,-94.1780303147833
A,N,154.89025812288222,-78.2604302453677
A,S,-25.76087104904863,-63.50922956434289
A,D,2.1773533016699265,-81.02744519541501
A,G,-7.508962669868867,94.93153110208573
A,S,156.32047413074423,-79.97779716886465
A,I,110.07160147685418,-126.36499851682011
A,V,134.64164343527236,-102.58926693571851
A,G,130.029464575748,-74.56219478798039
A,V,-51.88969877803196,-59.38753227004495
A,Q,-42.69705861049786,-65.14557526755424
A,S,-29.919038532576398,-88.18367418437124
A,G,13.116706852452866,74.40617965900087
A,L,156.82642756883732,-104.68062470942176
A,C,148.63715564928955,-90.98907664528178
A,L,130.50058679554246,-65.94737078141412
A,D,129.4990430701294,-137.25086515541892
A,A,110.7472068042769,-79.19840249881867
A,V,125.73858393629457,-40.11780157817714
A,G,10.740798409601354,59.357563445403535
A,G,16.33754252568548,77.9929702763158
A,G,150.56057934608256,-59.778463676496855
A,T,-11.606862073116535,-126.9111131868473
A,A,163.457735166932,-76.43651909224698
A,N,139.43205437559655,-58.86354342798463
A,G,-8.778905192127304,96.14448995568351
A,T,124.06595268415232,-63.49954183353491
A,L,158.0109485580358,-79.18399977069802
A,I,135.76430846155918,-107.95686359259578
A,Q,178.21130156968238,-137.55945174095356
A,L,143.76208326249983,-99.28563674741395
A,Y,146.12707748748076,-160.24846510405627
A,S,130.5628718850099,-47.30738616715864
A,C,133.33584182457463,-60.067684097780436
A,S,-0.04662630865138207,-132.45368682075193
A,N,16.22031585747656,69.04258235215461
A,G,155.61368050038217,-72.43033786360458
A,S,-19.849827735386146,-64.3854459927521
A,N,6.8061862926567995,-86.71341310875412
A,Q,4.6701906020770725,-126.31100723746476
A,R,137.27382519244986,-106.86957347853668
A,W,152.08170745255595,-134.659528187656
A,T,137.4996285372315,-128.55027698881767
A,R,140.22454528329675,-113.88451166302963
B,E,1.7089324151203953,-146.80499387471292
B,S,-7.3765318273793845,-101.86636301506525
B,T,155.53404714782613,-128.33964428411042
B,L,-48.78236017053015,-59.51443779175398
B,G,-46.51518465224129,-60.49301291531945
B,A,-38.50981236341812,-64.03428928643396
B,A,-42.49383853681505,-66.70616310608304
B,A,-36.14793469610629,-63.64221258670861
B,A,-21.23555653515608,-61.367284026427505
B,Q,-10.714464874782887,-69.33516504784886
B,S,17.77763821346311,-122.10232321614349
B,G,19.84259115599791,72.45136126234328
B,R,174.3917326864328,-114.56842526947692
B,Y,163.45717015836004,-119.67999493009478
B,F,113.44585082307263,-135.89234804145786
B,G,-176.4130361236895,-119.64164456843706
B,T,170.80108369652004,-146.06093952893698
B,A,131.64797932983396,-95.66499371476262
B,I,136.36672788443263,-110.46975217671591
B,A,122.82169704678581,-107.29696472889752
B,S,-36.41291789727485,-56.341863853922625
B,G,-9.407439488690883,-71.19252507006607
B,K,-1.4279324198563186,-105.21644419661213
B,L,-9.662152664835872,-68.25932157832318
B,G,-0.9555170961578522,-91.27554171772229
B,D,104.5083878996995,-92.16340999137213
B,S,-37.804354562055686,-55.69130796994978
B,A,-39.86655400881761,-66.29883783856097
B,Y,-56.34010219518149,-62.731611318655894
B,T,-31.0325173145785,-65.66460473291231
B,T,-46.92030483880432,-62.102601734684264
B,I,-49.750403743409784,-67.41454990291992
B,A,-46.25332065424201,-58.69687780501547
B,S,-37.1627685357446,-66.68108296643013
B,R,-46.21024021309819,-71.05050488976927
B,E,-21.642116485347067,-87.83171971975375
B,F,144.36059658190538,-119.00622647522606
B,N,14.270386148304818,-117.75118462882256
B,M,138.6101431900619,-144.3222357772093
B,V,138.750961164662,-130.20569159858576
B,T,132.98364994845846,-124.87209883504603
B,A,125.23825065247486,-74.65367706920257
B,E,-38.372601067444585,-60.33754680954847
B,N,-20.52346947999877,-144.0739842047791
B,E,-16.91237060272205,-60.946937303660484
B,M,12.227400365190908,-111.69238388726323
B,K,174.05019285869093,-75.50873998768154
B,I,-46.30898161721467,-60.55336687329269
B,D,-34.508861580250276,-65.96415330589488
B,A,-29.565490002746767,-75.15526232616551
B,T,-18.778198180439883,-98.28947956606217
B,E,72.28905693151482,-143.71746654689895
B,P,-27.655177125184604,-57.27820405624707
B,Q,150.39536484839,-136.62475310315497
B,R,119.79108169951634,-57.237293406224
B,G,-4.178607218930521,84.29826127521629
B,Q,100.0968814296226,-110.55839679841282
B,F,148.28678110398818,-85.97566300183787
B,N,120.34054395396883,-141.67650661012695
B,F,19.285364264254618,-115.64938512142687
B,S,-39.34235196218247,-60.820508901187885
B,A,-48.82938924244036,-78.73743471683794
B,G,-42.21557706347017,-60.07763916973302
B,D,-29.05472042692101,-66.42513554005436
B,R,-40.031028716397024,-65.57285316714702
B,V,-47.27598809916679,-70.48521018593982
B,Y,-48.807656087555316,-57.51888135084961
B,N,-44.82690994251438,-57.6987386005758
B,W,-45.93083884093269,-60.586946942637766
B,A,-56.9745281101344,-57.5961040984323
B,V,-39.46397542598736,-61.785765136002716
B,Q,-29.3111321627063,-60.437084018166324
B,N,22.468787651136466,-105.90649022142189
B,G,22.6780699241802,69.95886088246075
B,K,151.43669733233298,-104.70173502917163
B,Q,174.0572181342879,-88.45674708828165
B,V,140.10368752235587,-131.2629828402473
B,R,122.90616970848365,-106.82737877404456
B,G,138.51134869188925,-81.09937633542363
B,H,121.28706018984506,-154.3190409966874
B,T,143.6143488875438,-138.12641830968906
B,L,-37.461313154726135,-79.23035625340347
B,A,113.77756420845198,-148.57073206081543
B,W,171.18317401163378,-162.8564457411194
B,H,-23.316647843519867,-76.27963227763777
B,S,153.82901760181056,-93.36921753674753
B,Q,37.08898862264347,52.67058414204888
B,Q,144.2060020690296,-80.01649712382766
B,P,155.24254381527572,-69.83963964122334
B,G,-42.47175106246783,-47.57314920565129
B,W,-28.952369915833174,-62.15712360398283
B,M,-31.411061404073838,-85.20019340457662
B,Q,-27.426894550625704,-63.220862627196986
B,S,-6.636990849134342,-80.01673851017802
B,L,151.11409672993133,-94.48208785894414
B,S,169.13954380784875,-152.9939050147271
B,G,-146.88605012459738,55.9155415477093
B,S,-33.426285045180045,-58.35259854288916
B,T,-42.13510833485756,-65.15196496280414
B,L,-41.30613365510711,-68.30427001108471
B,R,-46.08777222624442,-56.853767137111596
B,Q,-35.88252183296318,-70.70177369688876
B,A,-37.52076119310111,-62.512314258891294
B,M,-45.57924093075748,-64.0140574697667
B,I,-45.772332154414215,-63.511468310363355
B,D,-38.51014712674202,-60.59221270436606
B,H,-46.48328002912269,-64.8922970471297
B,I,-47.90230693417377,-57.3266720783757
B,N,-40.61738876102246,-63.04774460173068
B,G,-46.77915030703833,-65.57253100072651
B,V,-48.050784896742165,-71.46188002038308
B,M,-31.975132916050953,-65.38728838422915
B,G,-40.30162102142306,-64.21232075750703
B,H,-38.17298667317779,-64.30258890884228
B,Y,14.415698348703426,-101.6847329453874
B,K,123.42200018329977,-48.204362421789334
B,G,4.299996503715556,76.36063945047265
B,K,-0.9471640287304834,-112.47608722739777
B,I,124.7019529167431,-114.34842318780247
B,A,-46.639347962174966,-67.67015487761874
B,Q,141.97195499725038,-140.98425652834624
B,W,128.76274625018837,-120.55406353002846
B,D,97.47967339926716,-84.33212860663073
B,V,-45.772159271932104,-68.68942006585289
B,V,143.55952578976297,-132.28978793527355
B,S,155.53597104648463,-142.47946235939597
B,H,36.540409508037186,49.116778269949236
B,A,-9.401303406726525,-82.85189696999974
B,F,151.60836467288203,-105.65030511613317
B,S,158.94400746012673,-80.03051564723019
B,D,3.4869895918478186,-104.0237769291865
B,D,-4.418069962040976,-68.91372995369632
B,G,-4.543105521188415,93.47531538325791
B,S,-15.512042427815317,-83.61841959525876
B,G,13.199577797841545,76.76047072103655
B,G,-173.8419674216965,-97.49122883966245
B,R,145.89200252488013,-77.12312467984627
B,R,141.31481036399668,-72.3302110058236
B,D,121.9423104333367,-81.20259812057661
B,S,168.0084421705732,-155.15771951224193
B,N,-35.832593973462686,-59.560720294227906
B,L,-48.75869357848771,-62.969619955160184
B,Q,-35.29370006366556,-61.94875503325423
B,R,-13.184715913742105,-66.81690167764425
B,T,-15.919021511548992,-79.00360795700769
B,G,143.50780710155018,140.4082424267023
B,N,-22.96012227395166,-58.74144676157602
B,D,5.186528280873881,-80.71060281202278
B,W,-36.694107400582205,-59.626604495855716
B,I,-47.25040765198337,-66.07538916666098
B,E,-44.87816724579521,-57.82322229413885
B,V,-39.69464950305517,-62.82980719011431
B,A,-43.749713992797155,-60.98077464145473
B,F,-41.55737841899109,-68.33496360663474
B,R,-40.97738673390993,-62.08871183567738
B,T,-46.40661911377577,-63.284843198898386
B,A,-42.838481197045915,-60.69127193269036
B,R,-43.93994629355865,-57.78549665091522
B,A,-36.204701184580124,-69.07169416521602
B,A,-37.953335467395995,-66.77584253646992
B,D,91.2902475686402,-153.32457069178832
B,P,-14.980318030098996,-63.258167326299834
B,A,-16.90560538683244,-85.75597566425265
B,A,144.48543846666527,-88.85405359774235
B,K,130.29504237524276,-81.78801629157995
B,L,121.57396558963326,-96.9782926534569
B,C,152.94189768563675,-116.1706475633507
B,Y,126.12796029870435,-108.2546800910648
B,N,142.0274526408633,-116.81708401592618
B,D,169.71854232302985,-162.40723235582556
B,Y,163.72489174176613,-119.55169621932203
B,N,34.97163986016375,59.96503333105941
B,I,22.336505886166716,-126.44874031415203
B,E,-38.17505719772857,-89.23825204437009
B,N,118.29948138381985,-80.44370810631762
B,W,-36.32782849415863,-55.63278100597118
B,T,-15.58738844280153,-68.30559065662354
B,W,141.11412267822487,-73.50961800590754
B,A,-35.276840371236275,-58.66117760209708
B,K,-46.81886354757676,-62.502033980978496
B,T,-47.04565085576652,-55.86322926983991
B,Q,-28.57007660693162,-70.57058213994165
B,G,-40.802059217665686,-69.12360845078385
B,V,-41.97813694217049,-66.76184197983702
B,Y,-47.24216827632215,-56.967312583210784
B,N,-39.42821218957074,-60.12522886411304
B,M,-47.62051869859545,-66.63020165912647
B,V,-39.76949424068959,-62.41761159626594
B,R,-46.36446564663144,-60.63358653340756
B,D,-46.75113795762946,-59.63357148533079
B,F,-50.40202744676671,-56.14306723610547
B,K,-38.164583039461334,-63.00223751464291
B,Q,-34.23096088714051,-65.37855989138913
B,R,7.378837104506688,-99.39357263727122
B,G,13.115119116714522,79.78380967258511
B,V,126.66209165307177,-68.29055566375392
B,P,106.97579645242001,-67.9822678472513
B,I,129.61069472981734,-145.3746407073982
B,D,-15.468725227317677,-111.36822795991013
B,C,160.72627801483586,-158.86629338192344
B,V,126.7642241598368,-126.65973304015013
B,G,131.2481081321137,-100.23046338234282
B,F,106.08348956546264,-108.14742723284084
B,Q,-40.08057010151314,-50.59392616201612
B,S,51.00384338781423,58.28128895745318
B,H,93.44707544377651,-92.86615932261203
B,F,139.0294886587199,-96.53975786268946
B,N,175.1161991617117,-160.4747448164136
B,S,-12.278396054600787,-64.0383945457567
B,G,-34.0039346161583,-83.48082047163724
B,S,75.27441587409824,-138.669302479123
B,P,150.58964333363397,-69.68673513992408
B,Y,141.98335550141735,-64.18359871040172
B,N,137.98546578767747,-129.05962439186857
B,S,-20.170161540975986,-57.22549307476514
B,N,1.2531990517048814,-71.23384469204923
B,F,-34.253904715241966,-60.378243338704735
B,R,-38.48608486125037,-62.912547260669264
B,T,-30.099059810463764,-71.3672141684312
B,T,-48.52864594699567,-65.43983569291962
B,L,-44.93704605773601,-60.05176812198124
B,Q,-42.64200870033178,-61.97796073631908
B,N,-46.36154813670484,-60.65516005767299
B,F,-40.7802241914967,-66.61488920225129
B,A,-33.63660840391406,-59.97507195428491
B,A,-14.96341517160245,-67.49062925281837
B,L,-7.829411594307291,-81.7306956133957
B,G,24.979035999205358,95.84707843461335
B,V,156.20381613279278,-126.50458210958006
B,D,166.52444563928597,-84.01365062685569
B,V,155.89060938608435,-130.2462533642491
B,A,143.38264444136155,-151.11544755585484
B,I,113.04790304736021,-94.02732283929598
B,T,-28.337317888705506,-98.83467507538982
B,E,43.71968426689073,-141.0785496778388
B,L,127.93722463284844,-57.98596646069054
B,D,140.44447982443003,-159.66260575442692
B,I,121.86742885669717,-127.39449497271929
B,Q,120.75205946693703,-54.00510888336964
B,G,-11.665275238542165,87.02997758545206
B,A,48.77079872092754,50.91353790842627
B,S,127.59058765091264,-56.14171185038558
B,S,-42.31519679284203,-60.541493815015
B,S,-40.380168336324466,-63.97703046475675
B,T,-41.264593990611026,-69.32527699266929
B,Y,-39.61627754646672,-63.13210395551997
B,A,-41.404489714042725,-68.01867625218865
B,A,-45.94974574667158,-60.14034886889522
B,V,-43.843078828355566,-64.42323057902642
B,T,-41.39733689032055,-60.02886774665646
B,N,-27.143453165278203,-70.19406330980495
B,D,-43.23413847681227,-66.25302607315002
B,C,-39.69472237935764,-66.9237936705376
B,L,-21.802737928788574,-66.43276780435765
B,A,-17.548909949711366,-85.44975118780093
B,V,112.88257361768053,-106.77510153106357
B,S,-31.16962724404797,-54.951122893401454
B,R,0.7404275969512615,-86.60087370640788
B,C,111.25945877863313,-79.56142010453267
B,L,-30.746787887163837,-67.9211578665838
B,G,-176.77374296781113,162.08202178286606
B,I,137.56955887311844,-128.11329445518894
B,T,129.21799760329307,-122.38832225671804
B,V,143.70041420772014,-95.98733567260267
B,W,64.45294640713468,-80.91594379332977
B,G,165.08634397263796,134.38952725931568
B,V,-66.9711573761465,-92.38218451979925
B,R,156.41429450635542,-107.61914062370093
B,D,-36.809078077063134,-53.31546207058215
B,T,-12.044279064572642,-69.13084839267998
B,D,-9.893396386996365,-97.02634873682753
B,S,146.34863220254923,-70.31583057767402
B,W,-10.212329515355252,-72.43222977642809
B,R,54.535629604853874,-136.64398396552016
B,S,-31.985072658901174,-54.58583503236057
B,G,-23.614067087464477,-60.93687798124974
B,D,9.355926707173817,-92.97848229393857
B,T,59.547971699105055,25.57502216477584
B,P,2.7213217409618027,-89.16626379082383
B,L,-173.01180757549471,-104.87551534754449
B,L,-11.290052216273306,-92.81528539827363
B,F,143.09128211209972,-126.6138609295134
B,N,-179.6503608940583,-90.8122841537107
B,G,-46.04345417302124,-49.24945219535627
B,D,9.706359517337026,-78.44320905215007
B,G,5.413007221601023,82.23887684378259
B,S,147.47238018619495,-79.86173523432116
B,K,134.81786785674072,-69.64136335556641
B,K,169.46087375451617,-89.26161074203951
B,A,-37.585594048635144,-55.70535904752916
B,A,-30.92151136140497,-63.04467667434542
B,Y,-48.06699355292949,-60.373968040618735
B,T,-37.37711104008463,-62.63504738988774
B,A,-42.22856745214056,-64.24665390904764
B,V,-46.59303184150735,-68.62687126960286
B,L,-45.11890235232375,-58.067527862053105
B,N,-44.622563727323666,-59.35745511315552
B,A,-46.94858652237675,-61.72338117793991
B,L,-37.52321175053606,-59.67480891256123
B,N,5.983398224908105,-79.4924291178761
B,G,-12.178204892296408,105.77159299933518
B,G,165.13384721204065,68.94529911017273
B,G,173.89712540341642,106.91154987601001
B,Q,161.79234578930516,-86.7737198312156
B,I,89.17522431603965,-128.60258290756687
B,K,133.04411252902125,-82.02174044651152
B,G,131.96021829357653,-86.85786895530187
B,V,134.20130255033084,-67.39714052868503
B,G,-61.04109024854239,99.08066272011797
B,S,-35.47310347640002,-72.28965436306605
B,G,3.3252365420596486,75.53520118364312
B,R,156.06527942436603,-98.62884729562715
B,C,154.96962424116674,-96.08470208173695
B,L,119.53610414422629,-64.79152677062751
B,D,143.61058635793094,-130.4531680103526
B,V,111.46373389744396,-94.5949973124088
B,P,122.45128156585892,-39.00839230094327
B,N,20.97812413425708,57.1683815443224
B,A,32.81527757972382,56.05194629541024
B,S,150.24529947420572,-70.2283319830957
B,T,14.425425727818533,-117.30522862657588
B,T,127.18974190472633,-78.02598079897862
B,D,137.79092257532622,-59.885121969130644
B,G,-1.1748056267337028,96.43926434919454
B,T,117.90511613916786,-76.77071282164644
B,Q,138.53272981298215,-73.94900393690301
B,V,164.09341668106893,-82.85629198207788
B,Q,-177.40429354340966,-146.88041197833678
B,L,141.87068151481225,-101.7684779930496
B,Y,156.02420173675876,-159.6946267777358
B,D,124.24136339811749,-47.310397064099575
B,C,126.22005338087567,-66.30527569671249
B,H,158.96559255613315,-154.11113166224004
B,S,83.5010876814086,-63.602031266872736
B,A,141.36189759352698,-140.76955600050476
B,T,-31.775098058915987,-60.95585557053581
B,N,16.68264922045262,-73.65434683859228
B,Q,0.46501516707321766,-139.16165524332953
B,Q,103.93425642726001,-95.8779214292715
B,W,141.3111298058032,-106.09332660022054
B,T,121.18646938181014,-118.59929148949102
B,Y,117.58374374229776,-88.1982525442624
B,T,168.97707055938656,-92.44753975444199
B,D,-20.316004229198843,-65.54044346940238
B,A,-11.844825680358054,-84.70785491127235
B,G,10.852381879111755,98.56546196733764
B,E,158.3529512498963,-85.50978891189958
B,L,97.63903311344863,-117.81984260711747
B,R,150.79797009487018,-92.29787923147099
B,V,144.8989678393288,-145.262824381493
B,Y,1.3165891701292878,68.821458960415
B,G,-42.100325060911594,98.38562976204695
B,D,19.61692407353924,-133.07494762743877
B,K,144.3623267550549,-109.90648618853695
B,C,142.8470541540146,-121.84236479097643
B,L,125.99051507660234,-62.619194577755025
B,D,143.29297746564905,-132.66469370981252
B,A,122.75386619690534,-118.24251346545678
B,A,-0.9860490236218131,-84.82634738504345
B,G,-177.98599789460357,-148.8816389951482
B,T,-6.679239030798476,-121.44083253247537
B,G,171.42633921315522,-94.59173160569144
B,N,145.86676333918055,-60.80954867685952
B,G,-10.618107904022759,88.47853095340663
B,T,129.3617619525349,-56.02876294019314
B,K,137.71937845678084,-72.00322492764958
B,V,123.49498444289735,-99.83074204594564
B,Q,-169.03639337546178,-136.4944792831888
B,I,145.4818118694807,-114.26574909696801
B,Y,156.9233499902927,-156.61805678892273
B,S,137.3364365502702,-52.420980642859035
B,C,131.15857901796568,-71.24382457146527
B,W,-1.2610549905191846,-145.15573151345615
B,G,8.431111150276104,91.77387330363582
B,G,150.6277948838816,-65.81922240113369
B,D,-17.421584344794507,-65.07954470988635
B,N,3.399344154401222,-81.23417403305972
B,Q,12.118595782011571,-120.229536708193
B,K,142.37033967224122,-114.17231394919256
B,W,153.43028358704942,-137.606270106382
B,R,124.83994853185163,-114.89738001123376
B,L,101.50111414159737,-93.00651816734438
B,N,165.56515411203154,-77.24889093555329
B,S,-41.35165327244888,-66.83869514074499
B,D,-2.239085213285827,-64.65083515824092
B,G,4.63857130888581,91.87586507193654
B,S,154.04831586410185,-86.25600094908296
B,I,111.14049615220642,-122.86454653161124
B,V,137.18081514783233,-106.01938148408816
B,G,128.94854932311213,-77.75203363258365
B,V,-52.55602323138912,-56.46237064445854
B,Q,-41.5470356159162,-65.51305475166174
B,S,-33.17029752464312,-87.26564080355739
B,G,10.386716103697502,78.28703144347752
B,L,157.13289298102148,-102.34177516493338
B,C,153.0646299203246,-93.98147816457414
B,L,127.62612495540951,-67.88477762616371
B,D,134.9356037318655,-129.12021072110952
B,A,106.06330118928258,-84.6496514085289
B,V,130.51982596308451,-35.949987878901155
B,G,12.930611784950848,53.94666311140092
B,G,16.529892484693264,74.56553664520068
B,G,153.64168799350236,-53.06623250546239
B,T,-14.401554784694031,-131.92263807774174
B,A,166.3669947756284,-83.1779620489529
B,N,142.63306216659205,-59.37751843126243
B,G,-11.657870775550524,96.90714506500724
B,T,120.32239823562652,-61.66098480690034
B,L,157.22460043880415,-76.02259084941547
B,I,138.03211750325832,-109.83383675601776
B,Q,177.84481372306143,-142.07789349453358
B,L,148.18948792529542,-97.47129584564385
B,Y,144.57739849306665,-168.10540559590197
B,S,123.04147112044141,-45.416143805221054
B,C,146.95296885733734,-53.07410744872221
B,S,8.409601029813015,-149.53858585037963
B,N,12.267517080370858,61.951335899969585
B,G,156.69687257309914,-67.7770683172296
B,S,-17.950166164501397,-66.0367296465528
B,N,0.7788402511116626,-86.01088826131699
B,Q,9.824923947921238,-123.31639733665554
B,R,134.86047011636742,-108.00957722537285
B,W,155.0460796314918,-134.38988276798543
B,T,134.01788366014353,-122.68013822965311
B,R,92.51177650362685,-82.89352311305147
