Chain,AA,PSI,PHI
A,K,157.31969797412316,-82.4048905175911
A,M,136.84325076502316,-127.40807667234141
A,Y,142.61881885418717,-129.39338710221276
A,S,129.59754657492485,-96.97469269380281
A,C,155.29775345766842,-131.36260884382156
A,A,144.1874207026183,-154.67187113571143
A,F,158.90942991221837,-113.35853375026757
A,E,126.00058573930094,-129.97901836136657
A,T,169.62749106861415,-125.09539510990143
A,T,158.28455322200338,-92.22823639760743
A,T,5.3995081164047765,-106.98805685254986
A,K,137.6828127147372,-85.81893824154285
A,V,-45.999413685129255,-58.20884749862603
A,E,-30.71692910929298,-77.4711826312505
A,D,86.58733185542935,-127.7490637021856
A,C,111.6814296296295,-118.21314372531953
A,R,160.85507709382375,-158.81329128781508
A,V,125.03507984887307,-73.87962490069484
A,W,-12.950244178313623,-102.77584468300286
A,A,143.028904698262,-156.59970569356256
A,Y,160.75197542421554,-130.91601020988313
A,G,137.9025242203432,-151.555515672731
A,Y,143.8136223572035,-132.62457405624622
A,M,131.65719793201143,-139.5581067904822
A,N,124.35503188985652,-59.77245501777546
A,I,-33.851736480841666,-66.8731311175265
A,E,-14.339122827111012,-89.86541366871711
A,D,97.41956482335529,-146.76331370534083
A,H,-5.747556382393855,-69.79174916641146
A,S,-19.46710799784949,-82.58083343318285
A,E,104.24276771096282,-92.24905390701745
A,Y,160.7574553103715,-154.50014205416346
A,K,139.87824557646638,-146.38372086612637
A,I,124.57093346948774,-128.67649638287256
A,G,-178.69756031164755,-135.42989619103415
A,N,12.531306835659661,-120.28478039597012
A,S,120.48880028372082,-131.32523123233824
A,L,-37.22059363361913,-60.782739389259284
A,D,-45.334891891762794,-59.73065265303805
A,E,-43.99224144108782,-58.655085536192054
A,F,-43.95654955572858,-66.99011019026507
A,M,-31.714665311963557,-67.97663630832858
A,A,-37.56235532794259,-63.857184852569816
A,W,-47.723828842044725,-68.57160239430118
A,V,-44.81917050172416,-44.25695481971718
A,L,-20.837632287162197,-75.24981718832716
A,K,-36.61647391729096,-92.47406825876433
A,V,-31.244091841121598,-58.95390225652187
A,Q,56.50472519699475,45.577130717321126
A,A,172.3279009629117,-130.0411749806074
A,D,123.37525114581724,-99.219879195856
A,L,146.49396689563312,-114.22731054644154
A,Y,133.89699173648552,-125.04558585656099
A,F,143.51586349491765,-118.36374117612166
A,H,105.27093968639092,-89.05219793840926
A,N,77.6489448318443,78.0211792306768
A,L,-34.2521377505779,-66.19635648189497
A,K,-41.22297100712823,-41.40244457946697
A,F,-61.392754801375645,-82.24466110764608
A,A,-39.684475385319246,-58.18296294396485
A,G,-33.67560589410101,-58.62740327687254
A,A,-32.65098081927239,-62.725460459758914
A,F,-35.631213844942955,-73.95660819856431
A,I,-50.99200732122915,-70.36818743261747
A,I,-46.52000076234707,-55.55586204665322
A,N,-38.510904035496125,-51.3505260719837
A,W,-48.527145873220576,-73.61271065132914
A,L,-50.67223063950391,-53.98029563555188
A,E,-26.628101064963545,-61.094650352434904
A,R,-6.583668139446542,-90.45000610838544
A,N,39.38396776708348,-124.66519506827667
A,G,30.4913379021054,73.46720937299416
A,F,144.277363538678,-110.81851578584704
A,K,157.1521486742659,-122.89367236816202
A,W,126.74678976010377,-80.57647570880606
A,S,139.1997195009983,-148.1854137172989
A,A,-17.772272175316765,-79.68652253065089
A,D,-14.642437738416186,-78.16298035918655
A,G,49.56974878627842,70.6475643491986
A,L,156.8688069404611,-84.30569953021788
A,P,142.23992208105295,-56.13941377571322
A,N,29.23561991914301,60.07317929463791
A,T,169.2265425410044,-124.40780717788357
A,Y,151.28275888348296,-130.59568967049825
A,N,159.14036860126288,-116.55216265263921
A,T,156.35179312069323,-139.02670129496744
A,I,105.24366744375095,-120.03972973980564
A,I,115.83731538785281,-130.90669991600979
A,S,169.42042918369816,-74.73828937374374
A,R,-34.31982705709004,-52.26181834033421
A,M,-4.4405907761391035,-79.73191414182293
A,G,17.614454951050305,80.61768435196673
A,Q,132.10481800051443,-79.85866745048763
A,W,135.23108635704878,-93.2692303637249
A,Y,-32.65604350279609,-119.92009054428854
A,M,130.25583511226003,-167.53232200220478
A,I,120.38131286719654,-113.51733258274082
A,D,104.96383078624814,-112.11020108826978
A,I,112.34159131563712,-92.29001966360057
A,C,129.57373774752202,-99.27423830980473
A,L,-38.620115244869794,-102.80900307415718
A,G,-155.6549631265748,163.96906145297208
A,Y,133.7711550289516,-141.34972005445266
A,K,114.19819582061248,-116.17414995914966
A,G,-125.58595802756561,66.18265104799261
A,K,-9.11497296619945,-104.65022083590893
A,R,118.26600785691508,-73.71180605469537
A,K,128.93336824183996,-71.74642900996474
A,I,106.94047763659,-96.31674355056266
A,H,158.92157122171272,-154.75727405592667
A,T,132.41975622387002,-123.97670051391434
A,V,132.5849919893035,-115.40896703263385
A,I,128.48350393895427,-110.56599391658223
A,Y,161.92125458847184,-116.52824647721116
A,D,110.02269836848905,-97.39691055520237
A,S,-13.736235590845848,-66.6763765571356
A,L,-17.08676156815945,-69.56651426743888
A,K,-26.181326964901263,-86.35441105745936
A,K,-41.7765353330551,-77.53320636363944
A,L,85.92514674556297,-132.36596675350316
A,P,62.00633919908569,-75.40463746062963
A,F,156.5301390287314,-149.0124570425875
A,P,155.08771359577352,-62.63912597790408
A,V,-44.63507494005049,-55.92327137452955
A,K,-43.45119661848211,-63.32630511143711
A,K,-37.5534523941947,-60.005415855764085
A,I,-54.72982050323218,-66.08135294503532
A,A,-50.47599854217487,-49.218981389153186
A,K,-50.67737719995558,-58.42522852864845
A,D,-40.26382480321543,-73.66070556437725
A,F,-1.8906166747422082,-80.00886313262508
A,K,57.806766806323346,58.548296442842194
A,L,150.33279574789847,-117.07059999895498
A,T,122.704511253704,-61.09526914825567
A,V,124.87337042970597,-132.9199772103307
A,L,143.66366405052415,-74.61717843717453
A,K,145.3219703517515,-78.7103063765789
A,G,-162.80644686409988,90.04816915522139
A,D,163.75839296724178,-160.0746666777426
A,I,136.29933883748973,-66.52430939032281
A,D,102.12209904595915,-73.54732439500042
A,Y,-14.53293001377256,-77.59810691961285
A,H,51.060057133972485,-91.03431733147987
A,K,131.03963969777553,-137.12533980700033
A,E,124.58524828567394,-77.23324456330363
A,R,99.73556362998852,-127.90175886551991
A,P,171.75856149455223,-67.02239439393628
A,V,133.67804358426255,-60.62262021070508
A,G,0.8252225986656142,89.62233821486245
A,Y,126.969337253752,-50.31490477579272
A,K,125.77157427866726,-83.47180081244589
A,I,127.43385233768919,-64.1185024392885
A,T,159.37925533436655,-73.45985390869765
A,P,-29.498019942104165,-63.39720422962045
A,E,-44.844193396906626,-72.40475034074015
A,E,-44.16650734477581,-58.38034207496
A,Y,-42.878768015647466,-55.982845768072934
A,A,-43.000801009511825,-61.50521356957511
A,Y,-45.942028881309625,-66.89748368601566
A,I,-52.29501689151689,-58.526039774889895
A,K,-42.64722816587372,-53.1724627599243
A,N,-40.65099037917255,-62.85176273636304
A,D,-50.776689959884436,-62.557890680633086
A,I,-33.44805123817213,-67.15061045665158
A,Q,-42.78993818582245,-70.7027451754992
A,I,-44.9754012190057,-55.8098978961678
A,I,-38.225602148535266,-69.33391043323913
A,A,-45.385221912696224,-60.28728227108503
A,E,-38.3831755548556,-66.55111837336182
A,A,-44.44237753337866,-73.70470961175403
A,L,-43.36952338962508,-61.98284801858294
A,L,-46.77020352441638,-58.037101283103404
A,I,-35.37818779652818,-57.50204774598297
A,Q,-48.71545156582912,-72.33381620116221
A,F,-30.263774846048594,-60.01970269581046
A,K,-20.60366414945225,-73.73192790013667
A,Q,-3.207158432053508,-81.8764014453588
A,G,18.159492204962234,83.81199036855206
A,L,94.49196251071365,-94.18263547665534
A,D,-2.0967331913007587,-118.52099800484083
A,R,163.2916976076324,-72.87769105474169
A,M,-36.42315369367762,-59.085026024037084
A,T,160.67228668307197,-125.26019672187068
A,A,-44.38716288435521,-55.82714421575861
A,G,-38.30799204308622,-63.67726866430885
A,S,-43.813932635466095,-64.88340034352491
A,D,-43.21224812001338,-56.34177902013507
A,S,-46.311973550719294,-64.89516784508561
A,L,-43.77357390153283,-63.110570532946255
A,K,-44.291487315150974,-60.45756618485498
A,G,-41.413789801945605,-61.400652647047735
A,F,-47.63758190750968,-63.42359269856591
A,K,-41.31336726964783,-59.32536511469494
A,D,-49.73043630681964,-54.50027851001406
A,I,-51.339326487457825,-63.1689803877644
A,I,-32.713018243799425,-67.54019848703423
A,T,131.16838383718436,91.18888713932456
A,T,-44.657819718765495,-50.29613106067329
A,K,-46.557404074509805,-56.74205717416969
A,K,-40.82170752919065,-75.48328154444064
A,F,-47.611108704280944,-53.52807771526347
A,K,-29.70971893477475,-62.82362765498015
A,K,-41.23206053655073,-80.43560336950887
A,V,-32.34338926088608,-79.58788784588302
A,F,66.19226377686113,-117.61599438473142
A,P,161.0073890562368,-69.3019093855604
A,T,116.90947132006336,-84.0519396114677
A,L,159.61688698721886,-82.84264522469338
A,S,152.9664715602877,-62.39926608610428
A,L,-37.232931018477686,-53.09365919899394
A,G,-49.86312316727087,-61.69303897730528
A,L,-49.31895246317404,-62.250996594476895
A,D,-42.62717655638276,-52.28091326780716
A,K,-44.64507520710876,-58.3364038151615
A,E,-38.5450046996214,-71.47462679899174
A,V,-41.71206561523469,-59.46992474697043
A,R,-13.65612454627357,-73.76285355042253
A,Y,-21.06905470196288,-60.7794377369233
A,A,-6.503274325889095,-93.59581814256381
A,Y,134.985494792192,-71.66591494711774
A,R,-37.78419242243519,-127.27553737523107
A,G,-117.87054768930184,110.2537277271758
A,G,145.1166091141521,-132.72966867282977
A,F,108.36806097742412,-75.02191751663145
A,T,110.65034186629983,-123.77273251882228
A,W,136.1684824846961,-148.1377787347513
A,L,128.62172055874757,-112.99183413263921
A,N,120.67977510379923,-64.4559816992718
A,D,-33.37990134282204,-52.506484938637975
A,R,-29.702445644183538,-49.87859676225092
A,F,-3.713118854457865,-109.17611840993578
A,K,123.72918189909582,-54.154949217454096
A,E,49.87069288602123,50.10070487971037
A,K,132.22468564596227,-136.7317065199607
A,E,115.65872475133239,-70.62939219146199
A,I,166.7311202774434,-111.45422473820302
A,G,-138.18780541753148,-84.14370456373133
A,E,144.2399675939683,-69.7167373149232
A,G,173.39628568716756,-162.39880465508122
A,M,166.6043715507313,-135.34281746912922
A,V,132.91137518821913,-128.22663756659122
A,F,146.51146243253487,-111.85260442795114
A,D,133.234181490023,-132.77426491444538
A,V,131.8501353313352,-76.80830864804095
A,N,104.6189184364699,-70.98385697317386
A,S,62.51722966930014,55.78667363288373
A,L,-47.71435071529237,-45.653717085841315
A,Y,-52.116827302850744,-77.49571383925165
A,P,-32.82304552763534,-53.3335414852003
A,A,-39.201752593780604,-60.8445967408015
A,Q,-43.742990301188875,-71.67644827237898
A,M,-30.48972709247168,-61.214366714130165
A,Y,-37.944917658618934,-78.40461969328689
A,S,-23.733752729423173,-125.06304625819487
A,R,153.03341426468705,-73.60029159884003
A,L,118.52978798419265,-71.50788054214038
A,L,157.06924828095399,-126.44418239166383
A,P,152.97253419887602,-82.63609334637503
A,Y,166.4777283754866,-149.713752706442
A,G,-173.52623653948532,77.67015619732192
A,E,128.97268663277896,-72.88492493017856
A,P,155.51895055953125,-72.22801547058872
A,I,125.34100062712136,-110.92151026070054
A,V,130.7612110905661,-83.73000034478913
A,F,153.24192060567088,-127.26566041087399
A,E,142.60292352282931,-98.09887451286443
A,G,-159.37227650583907,81.15258259132037
A,K,135.63475781599362,-75.37232588942416
A,Y,135.42641081541566,-58.52387409708945
A,V,138.52511619862722,-111.86378085356397
A,W,118.65012222357785,-47.843046128713
A,D,116.64886749321721,-125.97264040172406
A,E,-25.8477612568151,-68.54525200316047
A,D,-25.933788443562765,-72.41399507089581
A,Y,69.11659612993395,-129.69100680690613
A,P,-20.20225349905197,-77.80978104918796
A,L,143.72199269952586,-98.07458866192393
A,H,159.86215403004448,-151.81139098072245
A,I,128.34330492556373,-114.96626380769275
A,Q,126.07661579041314,-113.18016331273638
A,H,107.62289722466318,-83.99554599579524
A,I,161.52370510222403,-115.507330151077
A,R,133.8587114757902,-145.48033476578814
A,C,176.35406772100586,179.384032382145
A,E,160.10589184164317,-109.3394351186029
A,F,155.7457989848576,-155.7177080409229
A,E,131.7045093552304,-130.32281630958698
A,L,135.45363868013686,-61.43115264324892
A,K,156.21216266825326,-72.25749179997123
A,E,136.3223715558914,-69.72491141097457
A,G,6.756850711782704,79.6008156221389
A,Y,148.99329153096647,-110.10855468891131
A,I,137.84699966363104,-80.04806329897933
A,P,143.24463908372456,-61.33096975507137
A,T,-32.92385173486211,-127.41959698771252
A,I,135.86565796289852,-92.61915573888817
A,Q,129.95708649704258,-130.2753259831188
A,I,115.01575344206051,-108.15236688579853
A,K,-68.69313225756704,-74.79721050346443
A,R,86.58303759504989,-115.00179406698864
A,S,154.1686615909936,-136.56190056002737
A,R,-40.1314826159788,-61.35354359336295
A,F,-47.1100966612808,-90.53327815849293
A,Y,159.19350419130868,-85.7325983082533
A,K,122.15886066874339,-89.03937295549865
A,G,-19.293305842026466,-60.66331446786287
A,N,-24.462377518664713,-98.88004466421422
A,E,139.18353969636033,-94.5274172546044
A,Y,128.01367425669457,-77.39969938420603
A,L,132.17558122332287,-87.4602608446998
A,K,-20.9107441642985,-82.16212517442273
A,S,157.20986328653697,-160.74135742132154
A,S,-3.098783400631357,-80.91492339058509
A,G,8.504373886154196,72.10487561364585
A,G,-2.6161268977490186,93.66973560730145
A,E,168.29106737158327,-109.6179188517219
A,I,127.71684612321455,-93.64668077012068
A,A,133.19255796728837,-85.92780222745321
A,D,103.89502696510527,-119.11468860954189
A,L,152.3825411503154,-133.02479327214962
A,W,116.47162953720773,-109.69931848678704
A,L,138.1969627495492,-124.06078427201687
A,S,156.04774713424786,-66.10616586145898
A,N,-29.79492000369474,-62.91864600383686
A,V,-46.357308609232874,-61.54534655011826
A,D,-44.60687384628339,-66.32325421756711
A,L,-43.60608573878663,-60.628165460403395
A,E,-39.902993994995505,-61.45387228890363
A,L,-39.34079007789969,-69.16010156443657
A,M,-44.57533389343266,-62.89901046913843
A,K,-27.16329955601633,-62.45813578775402
A,E,-29.049618310739675,-84.70052570599204
A,H,-16.147345105699614,-98.8479718316335
A,Y,147.2011484159001,-128.67270217653854
A,D,121.65871997131755,-79.56543678481475
A,L,146.38310642184965,-97.31550141254588
A,Y,148.53498953944913,-131.68912367910977
A,N,52.53198878872713,46.86071836679202
A,V,123.63847425586154,-75.63067433144077
A,E,120.67999708563727,-115.083366589563
A,Y,102.8872037754927,-97.98472880339898
A,I,-60.58891993864855,-79.16526872334917
A,S,-171.53134886844106,-166.051893033554
A,G,179.64195057455626,177.56012694593437
A,L,134.21494408432295,-129.89116390659586
A,K,150.6319590151062,-114.38362564645954
A,F,144.31461717698284,-129.86043685680096
A,K,143.52967154084604,-64.52691781454047
A,A,144.67246872009608,-132.1090131200073
A,T,173.3699352723462,-143.15852367958848
A,T,-8.40151785288783,-118.24894772926814
A,G,-17.285829051513012,-80.01999838237248
A,L,-29.035529222285486,-56.50677424117137
A,F,-4.568543939491494,-115.11004205042657
A,K,-53.517864528853856,-56.10072657760212
A,D,-44.343456284644155,-54.78337003647053
A,F,-44.561002084110676,-67.01370711068483
A,I,-46.22553686935478,-67.7920478023567
A,D,-49.47485637986134,-55.37061754157748
A,K,-52.69661940075751,-51.00568913414744
A,W,-25.3288663226794,-84.01436301319158
A,T,-40.607815233277705,-66.44894181953156
A,Y,-62.16788847937923,-55.945868687251625
A,I,-40.62065424636626,-48.5056303692787
A,K,-55.78964265540837,-59.97025223108896
A,T,-40.889451070299636,-69.62118227947757
A,T,-28.398628046995302,-56.11367803952515
A,S,179.4039545207773,-109.7409894313718
A,E,159.0065630851659,-151.18170301312958
A,G,-136.39218461280973,73.40683969033483
A,A,-49.57000974803187,-55.93049665158832
A,I,-34.60735687309972,-62.47421405466571
A,K,-43.41450616417321,-65.30091765068974
A,Q,-41.381295496759854,-62.58623155675411
A,L,-33.73561045828278,-67.57254712583175
A,A,-42.586429431167616,-63.22885015951384
A,K,-46.592318767744224,-61.75966178223084
A,L,-45.34464649553069,-54.42075578020469
A,M,-41.63343700872216,-61.6232661579126
A,L,-36.36152633881497,-72.54829066121589
A,N,-7.297825162596702,-91.23931055914773
A,S,-17.455940584647614,-102.066856535123
A,L,-49.92643488205052,-68.24002847787618
A,Y,-46.846036710017685,-48.35625245890413
A,G,-33.4448955564967,-49.164547431308584
A,K,-22.568990545351795,-67.84755238057878
A,F,-11.057395411318728,-89.14197482159098
A,A,50.303290659085874,-123.74883608734044
A,S,145.3507974636664,-125.61712494401132
A,N,162.6903658001019,-77.83746059719215
A,P,-4.971800900647771,-84.13704817475012
A,D,115.41189156236521,-73.04943530595011
A,V,31.71701618081017,-123.25065999764321
A,T,135.01067585549544,-66.38494938813591
A,G,169.43646678854128,-112.66201903352022
A,K,136.7679381191793,-97.74977987862137
A,V,118.75632399037586,-105.82609385020253
A,P,152.49143083037572,-73.8066164652817
A,Y,153.81508971045952,-149.18852459033647
A,L,116.06163431946939,-83.1546889720959
A,K,163.9890082432011,-68.79236237935251
A,E,-38.31215173581222,-51.99960356475879
A,N,14.363633988857352,-100.2202582610307
A,G,-7.014123759553053,92.84780435714742
A,A,-176.63851000122915,-85.8595263339996
A,L,138.0091341474781,-101.77833372217208
A,G,162.04930433328542,-119.58238109362023
A,F,127.35072825767284,-134.03420554252352
A,R,142.14561886813556,-115.27340254002507
A,L,135.78547206003304,-57.53907896642956
A,G,-159.56357616338173,-91.40464073659048
A,E,141.64433591485945,-58.85388832353593
A,E,128.88087916483622,-61.86538668947584
A,E,142.40343734561668,-146.3031673162439
A,T,131.1801869438262,-115.81834902880401
A,K,136.94413048089544,-103.77472605940054
A,D,139.0316779556395,-56.42176393342338
A,P,152.24075751442487,-82.61143903153126
A,V,-52.13807129693721,-67.548380319692
A,Y,91.92361444986221,174.84833452449055
A,T,-32.34704864730535,-63.98437283449246
A,P,-30.274923378959553,-58.062391796791886
A,M,-43.77563454513293,-66.15820638331375
A,G,-46.975003337650875,-54.19743736202153
A,V,-48.536716812232974,-60.65727914129113
A,F,-36.56154599042477,-77.06014080323726
A,I,-48.5605613123329,-57.28004408994284
A,T,-40.037181595054,-66.91347618499448
A,A,-44.34621458693646,-60.34487892083559
A,W,-41.545254972430804,-62.682126866489035
A,A,-52.82038828177022,-55.34783297813753
A,R,-47.47474300645292,-51.80972472804504
A,Y,-43.963401474335015,-57.826731307290544
A,T,-49.36623458734445,-56.37407080883873
A,T,-53.657063159988795,-71.74216532641307
A,I,-44.37193661045711,-55.6409664554758
A,T,-50.64715252380862,-54.377641304547055
A,A,-47.20216846840121,-66.99282416760221
A,A,-40.163472475538505,-57.237809196902504
A,Q,-45.89299470477045,-64.63706440772715
A,A,-16.13903761846872,-59.45760798106267
A,C,28.41581500854479,-118.58829894200761
A,Y,-38.86491034205679,-47.96174950631268
A,D,-6.791681327950651,-74.30531731517274
A,R,-10.614553591001899,-128.2034916201005
A,I,130.22411553974848,-63.200557316924794
A,I,-49.110931988400814,-107.2999621900464
A,Y,144.41160203015866,-159.7722275675071
A,C,143.62122641751094,-125.79833844468715
A,D,92.28096775917535,-145.1734261843932
A,T,-75.61008955222002,57.76488248949538
A,D,10.086304367818933,-118.6596849935798
A,S,148.12701483147848,-127.40056835062536
A,I,131.54860429924386,-120.74653414754206
A,H,127.95580312358425,-108.57882025319472
A,L,153.1907678709738,-126.6350345613263
A,T,148.41047120157347,-67.9633659125891
A,G,176.08669539694495,79.79823344955797
A,T,-7.781162385986742,-117.65156581892165
A,E,141.80729635580167,-89.27100264641948
A,I,123.8793473411056,-69.40582288487403
A,P,134.3233146575224,-61.69569768958444
A,D,-46.44004508684715,-49.01144092860104
A,V,-13.809297393245298,-59.39555857686519
A,I,-0.4451351493487019,-124.33958721934059
A,K,-36.35036761587931,-53.69916765418906
A,D,-16.634823076440618,-70.20862045962484
A,I,17.351025943064005,-118.71368960466327
A,V,123.1686023191443,-101.43318198670973
A,D,138.9741012528636,-149.00417966865567
A,P,-32.48760270948548,-62.31509717085906
A,K,-34.22639145573851,-127.46654671280461
A,K,132.10722253961717,-49.255771479868216
A,L,131.55660856942274,-54.83706292581633
A,G,-3.557292471016741,76.47796149818053
A,Y,163.58297896478766,-83.85903021215579
A,W,128.18398564465886,-87.40975145208516
A,A,130.82677571259458,-103.04970369682272
A,H,106.4318894935603,-67.91528929874471
A,E,-56.130143529215296,-85.62489629430199
A,S,168.7758953362219,-159.61024980199372
A,T,132.39559492883802,-135.31665686806411
A,F,144.2328854617404,-115.56473866165811
A,K,-42.823279158155856,-71.64214553398061
A,R,158.92467214520866,-154.5346638985423
A,A,167.43242532805402,-152.70260509564702
A,K,124.95378666258493,-148.342506124491
A,Y,119.46835512222926,-111.23100498098015
A,L,-41.334797008419685,-81.32220624332899
A,R,179.84068729577754,-176.54088449331914
A,Q,128.88248643375456,-36.521371572649365
A,K,17.834385303033578,58.51226664176462
A,T,95.81839074470334,-134.69278930475497
A,Y,165.01830962057628,-161.31169443322935
A,I,154.11378640844853,-133.05884407807557
A,Q,149.4733359214213,-144.0469769378133
A,D,96.96795077426236,-108.50573648698465
A,I,134.11197634669674,-86.99632253913842
A,Y,126.41335861623384,-69.46445839212466
A,M,149.81563970804487,-119.23582599771325
A,K,135.22326101870408,-136.09110676906516
A,E,128.2555734751813,-84.20773867313751
A,V,93.79876276841858,-132.37245537884039
A,D,82.46373269446377,62.76540741916896
A,G,-54.29854476002358,60.18436257219915
A,K,161.41343843965612,-68.04018768907308
A,L,127.369210115993,-118.33548355615149
A,V,173.12889617023356,-129.50497474328617
A,E,127.11353329984708,-69.8510868023851
A,G,176.7768056835451,-115.21520444183166
A,S,168.1677259694269,-101.92399722305457
A,P,-21.06535444833592,-60.199640171820505
A,D,-42.847316440288026,-93.78410544409441
A,D,89.4397140871212,-102.05437314729464
A,Y,154.95818290050428,-161.79281667901978
A,T,-16.7649707424419,-127.95287977649085
A,D,162.66211090836111,-143.33603305598373
A,I,118.19903337926088,-118.05707747877283
A,K,122.32286846788973,-94.04709995625876
A,F,126.30772211815443,-87.91705637423817
A,S,132.86278974638444,-124.70719327448464
A,V,129.24232459472125,-119.95612374674667
A,K,117.70856831092654,-122.7781344639274
A,C,120.68410010684819,-160.97468461481216
A,A,128.42076749221314,-55.05110104229073
A,G,-4.710052706382952,84.56207652682517
A,M,125.34861323092412,-86.46063889274784
A,T,158.47232519112174,-76.7920568177249
A,D,-36.84451042608826,-55.82688472431177
A,K,-44.15465803995928,-64.16065018556986
A,I,-38.40530005569028,-70.67716455986174
A,K,-39.79427577906219,-51.4667824534838
A,K,-19.14875166574334,-60.75970274162168
A,E,-17.501181560473032,-87.76790011612496
A,V,136.5942945255442,-76.75839631913836
A,T,-177.03406506156009,-126.73413236796765
A,F,-31.50844270886455,-70.7802659319911
A,E,-39.49474088213471,-76.00453923967159
A,N,-15.93095671603915,-89.01187349817492
A,F,84.92675430579787,-70.32688562354943
A,K,160.4436555725141,-144.62519105833505
A,V,119.53349589303879,-59.2786479688843
A,G,-13.770542922714249,115.44713695136211
A,F,126.77382792030805,-53.4141414420215
A,S,135.50213064243354,-139.0330067939334
A,R,140.43881060539186,-137.63009447169387
A,K,65.9602238073241,-96.7973348160941
A,M,32.42887784930687,-145.31032089447885
A,K,118.54995547824444,-99.26909670782673
A,P,126.83107151074941,-60.69614399357095
A,K,140.8521949446308,-114.82083522166194
A,P,131.4507413686115,-77.95147598882318
A,V,118.3478298636094,-124.29341655896347
A,Q,123.12399548905147,-73.06627419816883
A,V,170.52119747883316,-128.9518945506965
A,P,121.46463264658519,-56.93463804406643
A,G,-39.63177924653009,112.50518302703188
A,G,-145.15498144638215,178.59917961350823
A,V,141.12971022164228,-117.90535247142327
A,V,144.8770959293947,-124.76802407162177
A,L,134.07396225823473,-88.5549493954698
A,V,148.32145262780298,-129.95260055529533
A,D,136.08844695299214,-71.11592433407019
A,D,149.30737686363008,-133.3501995964675
A,T,123.80092976744746,-72.62130496662189
A,F,133.9904787225781,-111.12160123786025
A,T,142.44469987430043,-133.05343721815558
A,I,111.28472936483661,-77.1952512106559
B,X,2.9626662647258737,-102.78641201326093
B,X,12.35331783099489,-91.54887049450751
B,X,-54.279752695287456,-86.55556480142803
B,X,-22.83093948035182,-74.88154475146483
B,X,-21.317428311654897,-70.52039463437264
B,X,-30.589085472824333,-97.25137161817126
B,X,-25.99500310887396,-67.90603266993426
B,X,-53.089678349189995,-72.85725008457734
B,X,-0.5424886457860816,-61.12708331475422
B,X,-27.928487572880684,-109.84151712486943
B,X,6.884337144234945,-74.80935341243023
B,X,145.26549206812368,-30.56283793374114
B,X,25.622509686556985,-102.86191141235196
B,X,-9.211217760128276,-69.28664591451438
B,X,-47.423966946517716,-79.70761906326284
B,X,-28.696997846378675,-74.66356429216248
B,X,-36.77997607037113,-75.35706405502076
B,X,-28.01032163658992,-72.82277737260819
B,X,-40.56917936995298,-68.64633967099148
B,X,-34.210838543358044,-75.58710448379354
B,X,-17.086641087084004,-67.16187609557467
B,X,-41.47788663376723,-108.46084379443549
B,X,-37.93359300527588,-63.297747047011555
B,X,-13.29530807153687,-79.1116459202217
B,X,-16.634451337855072,-87.75208135661427
B,X,-34.35784175823676,-106.33650050001687
B,X,-47.41567163427169,-86.51575769368635
B,X,-17.75209335603411,-107.48396327071396
B,X,79.94619433750938,64.92893863972837
B,X,156.64011128590982,-149.50228455169946
B,X,170.9468694413761,-70.21446016334927
B,X,116.5381213654653,-113.86771609367408
B,X,96.10280173322776,60.36786255664818
B,A,-50.32791295385232,25.110826236873784
B,N,93.98415299911944,-75.1765678709364
B,M,12.019873894511448,-76.93124717513737
B,R,-27.350601347525775,-78.28863169570208
B,Y,30.43378920702522,-120.87833688257288
B,Q,123.99808780757549,-113.8964028396715
B,F,175.04268677593956,-112.77057661073769
B,E,124.48250878239647,-149.86070615797595
B,K,130.81526236894936,-98.60139923589307
B,N,163.78284514929152,-73.16244722179884
B,A,-15.507000767073945,-65.05546260164122
B,Y,10.942408643418645,-107.5813196849881
B,G,21.37330858139571,74.77523374475591
B,V,128.62325549452353,-88.77714780741321
B,V,129.02327963094388,-110.87313394076074
B,A,146.09321637113135,-140.2462031639226
B,S,153.86582439512705,-70.48281966166228
B,K,-30.1762233091268,-67.5231441208045
B,A,-52.90909105983717,-59.87164946292439
B,K,-36.432319307357844,-59.19072377473392
B,I,-47.70078697023715,-65.19306281947895
B,A,-39.04681589507505,-61.70527883610686
B,E,-50.05389640826901,-55.895806021077824
B,I,-40.87820618608211,-63.468104943891056
B,E,-47.211331281742396,-56.80415642529596
B,R,-48.17798833681289,-64.08334871083623
B,N,-39.838468166977925,-59.43804497078001
B,T,-49.426832485594296,-59.9656539198632
B,K,-46.84597260058638,-51.692573595143315
B,E,-39.64008168440036,-63.40393027632768
B,V,-39.8326103631876,-67.57787673381871
B,Q,-46.27924426186889,-58.16110968357364
B,R,-46.92234559941998,-55.745516375149954
B,L,-39.400975945309604,-68.46128083723895
B,V,-44.594284348167704,-65.24959021252442
B,D,-47.05179124008712,-57.75782640836957
B,E,-46.30230806458114,-57.927719210010636
B,K,-41.93299168990147,-63.325619956192774
B,I,-50.0218680142134,-63.015986861451736
B,K,-46.8113429941391,-55.14596833304507
B,A,-31.144093751106897,-61.25074966100779
B,M,-31.931579218087908,-79.67523426761439
B,K,155.71396372373027,-57.41217492022284
B,D,27.345523020218366,64.21253195848489
B,K,-21.656826180157367,-100.29038810263351
B,E,-27.24016152332643,-76.67327923039127
B,Y,-34.766178834837355,-87.75692683062675
B,Y,-54.90999257279528,-96.67658684526265
B,A,-83.46937404367266,-73.68620786082926
B,T,146.20679719946838,158.50459341383694
B,G,33.26603678705989,-96.07100333245117
B,I,100.11043768871195,-87.86595499650235
B,N,120.72532265302144,-109.98157451720954
B,R,113.1300054017836,-83.01299249891137
B,P,154.3944733719167,-66.9922047398502
B,H,146.3366323710222,-80.38320302837855
B,D,126.51328115156296,-44.52839013544735
B,F,126.77660777382603,-64.79007328951452
B,D,105.66526632185622,-131.52613925526506
B,F,-33.713795511522754,-60.613401997425974
B,S,-14.885397614190621,-60.97952756179182
B,K,-1.247339746812371,-100.80575400932598
B,V,109.81289193878496,-78.32134071074111
B,R,0.6717323595178989,-95.9652258612677
B,S,159.39977577761726,-163.16743589840465
B,Y,-31.09598647797627,-66.90128557898107
B,S,-40.30541092681236,-61.15376188564068
B,R,-48.4389762655478,-64.66780175287069
B,L,-45.058445250947294,-61.12521248748677
B,R,-44.781085085719596,-59.65571295562786
B,T,-46.24677906280609,-60.21725342689451
B,L,-43.63788928110651,-63.410850901455966
B,E,-50.32626154535424,-62.790515870344045
B,E,-47.82477381386409,-65.26233951549936
B,S,-36.01105666139653,-73.0565254187121
B,M,-37.55141086509246,-64.24982616991095
B,E,-29.81565038085958,-80.94417726127944
B,M,-40.804477829768274,-61.64675964933042
B,R,1.9138897511315207,-80.74309587955614
B,T,-7.1079363676465785,-88.93732516179209
B,D,127.83082452463951,-63.90645644594272
B,P,-8.639650937524326,-68.1782357950946
B,Q,25.47247448038864,-121.45427835842683
B,Y,-55.51254533010693,-59.484905012626186
B,Y,-37.309583453492664,-64.59192966418493
B,E,-40.71052687185298,-63.369027010029
B,K,-36.37614208635251,-68.05705158374919
B,K,-42.85888184877303,-64.27674262527627
B,M,-51.096634881511115,-53.441559406119175
B,I,-38.544892633695575,-63.57777618003423
B,Q,-32.24778087632275,-74.77927687949742
B,L,-50.80361728396276,-60.94334388011776
B,Q,-38.64487086340958,-59.939756204651786
B,L,-42.27729721230041,-66.17869148933258
B,N,-43.59046234497083,-61.585615306035606
B,F,-42.147143351223164,-63.793947120681224
B,I,-49.64712608087709,-61.25543145673911
B,K,-42.68340780267745,-55.523872110452416
B,S,-44.10601072255049,-59.78316741840375
B,V,-47.41672645612787,-67.58973973413805
B,E,-45.67143866641334,-51.65855706864711
B,G,-48.03842124857448,-62.09265164980758
B,S,-22.51019128006863,-78.27670558205384
B,F,-14.934060091785847,-114.09056417430078
B,N,-159.4733885499778,61.41395131859573
B,S,115.5673131603329,-116.00423310818123
B,F,171.8458657438788,-152.13780019837898
B,D,-68.10429184149419,-33.89268352793806
B,A,-38.4489321681016,-67.18008540011475
B,A,-40.15591266320123,-60.377514373543335
B,D,-41.5270967836091,-63.88428051908907
B,E,-43.12674471440087,-64.47678936054609
B,L,-45.42364657368363,-57.963636013207875
B,I,-39.99890905706133,-66.11763954616555
B,E,-36.121486589475,-67.6364958900427
B,E,-36.823436412603314,-68.28252681396197
B,L,-29.295724422890274,-70.99431722651671
B,K,-24.59965964144411,-72.29414632367667
B,K,-13.448929431851667,-77.1982508684948
B,I,126.95433182475327,-80.53421778090181
B,P,128.2450053512747,-57.789781686085625
B,P,-40.883506833651886,-47.336572738353624
B,D,-26.875551094916954,-77.91485611311994
B,D,-26.354387597331332,-76.68655641377931
B,F,-31.32637888635476,-66.48575981102701
B,Y,-51.00182838229888,-60.543628985386405
B,E,-33.46582456551806,-64.8313579096915
B,L,-29.87199957336362,-67.29133076359193
B,F,-33.790842617274734,-69.63465497083459
B,L,-25.43180659245963,-54.84496114245645
B,R,-61.11967254391519,-88.49799968715162
B,I,-38.32137283124877,-58.67023842386712
B,S,-48.41400206042163,-67.3544443961368
B,E,29.25170992676096,-72.5798621873725
B,I,-56.442696365052974,-132.88725984972024
B,S,149.8240813772244,-81.4213472463919
B,G,82.18681542359087,23.443919889967496
B,N,61.12378243662808,-97.64131085414002
B,T,173.4262333821121,-64.79555633835233
B,V,-40.53838809718142,-69.5704728002282
B,E,-39.45563708763782,-73.25625315078214
B,N,-34.7831744262917,-60.84617794235416
B,V,-47.79055615622413,-73.99337469605994
B,E,-40.23093435843194,-55.54690603246991
B,G,-50.43437211334313,-56.773362423355614
B,N,-32.87278380779265,-61.1316215822706
B,V,-45.76333367647644,-64.68593457883054
B,Y,-35.024472545454046,-62.5154823895443
B,K,-54.44431233378203,-63.71919391492917
B,I,-49.036374283596395,-58.11181347570589
B,L,-42.716059888863185,-49.13452330090123
B,S,-26.070722469179547,-66.76240331188122
B,Y,-40.475184960872525,-73.08246904920006
B,L,-39.098814576146246,-61.18263349352591
B,E,-42.82045923253263,-59.690647421494184
B,Q,-35.01719970846802,-66.81346140472586
B,Y,-47.41132941933832,-65.47929888597473
B,R,-29.93068431466621,-66.31499476085025
B,R,8.204971245741344,-83.33227879050428
B,G,47.76580134983157,70.57663037527269
B,D,-10.514706830277442,-91.25303052002688
C,K,161.08094714271692,-93.10760127096802
C,M,134.77449127430603,-126.06838689880142
C,Y,134.82207649321768,-131.56546485480837
C,S,123.72314429808912,-92.82494933890726
C,C,158.17715488681876,-128.57417388934937
C,A,149.30555947819127,-157.23241217055624
C,F,155.252911149104,-113.88577549710777
C,E,131.48503640033542,-124.56182556889654
C,T,169.27296211800385,-132.33702822299682
C,T,163.3981887910231,-88.4535995168915
C,T,13.373229892168423,-112.72734177493085
C,K,129.22767473283346,-98.3679159157514
C,V,-42.85876826745472,-53.673180728208656
C,E,-37.16077227812474,-77.57890947824647
C,D,88.8903244377487,-121.82205673265074
C,C,113.44071043142444,-120.66274066982865
C,R,156.41964986115812,-161.28899132395065
C,V,123.4896321189445,-72.42198444043542
C,W,-18.231710547118006,-103.18886444624074
C,A,142.1571536993718,-144.81104135509932
C,Y,159.05465627080204,-129.391714130438
C,G,139.4061832532684,-149.95439986671556
C,Y,142.46305166311927,-140.76708356439642
C,M,129.83626542391846,-140.1054784662523
C,N,117.49774648606805,-60.37816103136679
C,I,-29.216991894847137,-62.13612302481317
C,E,-14.546074323976802,-93.60114951068182
C,D,92.315634535023,-145.15866267386622
C,H,-3.541533659275647,-69.05621520801704
C,S,-16.035590907576882,-83.25835661598877
C,E,94.93409731203052,-95.52543803822448
C,Y,166.1054731012637,-142.94618266612625
C,K,135.55206804053137,-152.5623625215756
C,I,119.88345685594396,-121.79263321056156
C,G,175.13766531525542,-130.562966633806
C,N,11.77492073823534,-118.79196137419835
C,S,126.79416223666621,-126.37557619832482
C,L,-35.80060477701094,-63.83773710890931
C,D,-48.973613479621775,-59.98765927222306
C,E,-46.49991132166141,-51.96645722712182
C,F,-50.920580102759146,-66.03885645260979
C,M,-33.38294207414011,-61.167160370838175
C,A,-43.22494495778954,-63.98982735748472
C,W,-41.46352206695973,-61.47893950885763
C,V,-46.54126710422513,-55.52966527703861
C,L,-18.16479400666049,-67.76945512674455
C,K,-44.00371658549905,-94.06637705811899
C,V,-30.612699815320475,-57.07130806819938
C,Q,51.9949751113353,48.91191664136045
C,A,174.192631596657,-128.45581966136095
C,D,118.3010218654709,-92.94922295019718
C,L,147.5961678349587,-105.26407288071104
C,Y,128.29348065361344,-124.70443364088523
C,F,140.01184204812873,-116.78372514149835
C,H,104.48943812154685,-87.82102132493377
C,N,80.39492257994603,75.01479073313142
C,L,-35.07486999802657,-69.18650370639061
C,K,-40.69856415659798,-36.76740276725872
C,F,-67.11115920776591,-85.41675066848008
C,A,-34.20469894617559,-55.15317885107345
C,G,-33.20898883714869,-63.17926303283399
C,A,-35.75962072625321,-60.57142705821047
C,F,-31.7758928044346,-69.64009034871385
C,I,-53.70959548595366,-74.4758029402171
C,I,-37.193056993638066,-56.18393640296104
C,N,-40.658462506536964,-61.16437464779134
C,W,-42.4300014768576,-72.38139562680082
C,L,-47.684164991899536,-60.25675581686391
C,E,-22.527872913545036,-65.56044846008827
C,R,-19.222207649949098,-87.83308017594373
C,N,38.35286928317009,-113.24263367363513
C,G,35.64341274904217,74.03423242270212
C,F,136.74806150252692,-114.70004797805437
C,K,158.59795825657096,-114.87525081024928
C,W,133.1868437819128,-81.16710904122623
C,S,134.63488012933934,-154.63709663594034
C,A,-27.60498389764925,-77.32123376619597
C,D,1.5411869484411254,-88.15196973966623
C,G,51.274260797228294,64.17796887541498
C,L,158.6893847671973,-81.18078707665991
C,P,142.33506974371053,-59.79989573723007
C,N,32.54649532119549,61.29253331320298
C,T,156.03995781809354,-131.11274227996083
C,Y,158.70630180803988,-120.97780037295391
C,N,155.10302432843764,-126.29703858875574
C,T,152.118102858515,-138.66742272409428
C,I,103.07730680275058,-112.78671862247909
C,I,116.27772325567375,-126.73120598910793
C,S,167.00152087383958,-73.81687198367638
C,R,-33.936594388532974,-47.828549261596685
C,M,-0.21453735391656542,-83.01792614995371
C,G,21.771781377151207,77.28085541890763
C,Q,119.23006726575163,-83.91335728752554
C,W,130.7603965656989,-84.10578563719959
C,Y,-35.96317087660649,-116.40168505157459
C,M,133.05362804292304,-160.14093569298103
C,I,124.19196340053031,-116.38976133445213
C,D,90.99749828459127,-116.0161654778726
C,I,113.90753169543419,-80.98624722609898
C,C,126.83389305928121,-103.9235650055543
C,L,-41.16748487224625,-100.59918698224575
C,G,-161.20525011047562,167.13773514480786
C,Y,127.44749260991351,-134.7849055211006
C,K,111.10989804374036,-107.31793564373325
C,G,-126.53933927492335,68.17282379457971
C,K,-13.241609653804591,-99.77276445698558
C,R,116.18371172865601,-69.87950523931086
C,K,123.24749799859543,-70.3302244019662
C,I,109.59162879732834,-93.66465762669955
C,H,160.80565617542848,-157.55841039913042
C,T,123.58158808405393,-125.15287191668938
C,V,133.15847137166247,-102.72667406281411
C,I,129.69894985484527,-110.54233718365722
C,Y,167.6041841396893,-118.46707559403114
C,D,114.43973970333563,-100.69900907700793
C,S,-17.012874446191397,-73.08572596154046
C,L,-17.868305037207442,-67.08205001991726
C,K,-21.103578586376447,-86.15299990995534
C,K,-33.92207176279738,-85.95657555107448
C,L,87.4236122903333,-139.84993850326808
C,P,58.770882797812966,-73.87476131226487
C,F,154.1468859895889,-144.89517917569015
C,P,153.27628178389645,-65.62235282311079
C,V,-48.30213145296271,-51.198932552851026
C,K,-43.41970777715304,-59.577960391428405
C,K,-44.51653208243692,-61.400394135620026
C,I,-54.41887444434292,-55.18044832860201
C,A,-49.84384455075691,-52.156186195189576
C,K,-54.95553431625465,-55.923024636464326
C,D,-35.248481643722656,-71.00716292044721
C,F,6.171874116892482,-86.86396134335712
C,K,54.338542073033175,50.67035234327067
C,L,148.87313323672458,-112.5128199921105
C,T,125.8444605382518,-63.34529737589955
C,V,131.12878138005524,-139.62144398465682
C,L,142.4669358164201,-76.10365841330743
C,K,137.71500862245097,-71.14306971792412
C,G,-162.95218230256896,90.69599194244938
C,D,165.0102351127393,-155.2278964599115
C,I,124.0978126641571,-72.4550662765729
C,D,111.73582180767217,-69.65277802586704
C,Y,-14.550133607854809,-85.37510984446469
C,H,39.347960097877625,-86.22742094945387
C,K,119.76947001056175,-127.36984796621037
C,E,124.61138285935041,-74.00204010915778
C,R,102.59340608449646,-123.76491620233473
C,P,170.13324069284243,-65.73621894017718
C,V,126.0299777816618,-66.36939665451062
C,G,0.42027632465193265,98.69470519387121
C,Y,132.39623767901938,-42.227173770702315
C,K,123.56039083121149,-89.27178253335732
C,I,130.2122201549337,-65.30923466726344
C,T,154.66141582271047,-80.39718627787444
C,P,-36.542705361016644,-50.59787163068898
C,E,-37.20122380831767,-73.60202550404306
C,E,-46.00083453994026,-66.47303129805198
C,Y,-50.39843092169416,-48.92848884387752
C,A,-40.82521113285454,-56.62712221059826
C,Y,-49.472072212240775,-69.48517138821387
C,I,-49.45920019065985,-56.01610040550769
C,K,-47.6042309529263,-56.46794061226039
C,N,-38.75485440326762,-58.59174388153973
C,D,-41.247146148441004,-67.1167142520924
C,I,-33.038117532858315,-76.16535314535584
C,Q,-36.72377246679131,-72.3793551629855
C,I,-50.04045049647443,-58.614549497536196
C,I,-39.12102158789582,-65.29863807248852
C,A,-45.968347535392354,-57.455282914207565
C,E,-41.18527749615923,-66.43805468230313
C,A,-52.6731008986654,-66.69287171797636
C,L,-42.51368828360116,-57.12935209065324
C,L,-44.659825573177166,-61.436715375028385
C,I,-37.90479926589081,-59.13784444508865
C,Q,-44.732910243640966,-69.12821817988446
C,F,-31.765500363286584,-64.98252508631519
C,K,-18.376304775622955,-69.1430620957033
C,Q,3.2763062069974667,-87.19563249974767
C,G,27.48849998318763,73.12052509961568
C,L,85.50693581106181,-100.30858424657404
C,D,-11.896724654780293,-105.16776902274991
C,R,165.18148546897234,-63.28524682753907
C,M,-41.80975981108066,-61.83536158293019
C,T,161.59709391666425,-121.77324278008061
C,A,-41.29931157989378,-61.04133110156202
C,G,-45.42062308736678,-58.32216496462817
C,S,-41.882052488509096,-62.759318569659854
C,D,-48.04646789684026,-55.764466111821456
C,S,-42.736384678380894,-63.51244910979085
C,L,-41.0958126162115,-69.97722378156377
C,K,-43.21387191560225,-61.3613389688183
C,G,-46.75907485698638,-56.914069564890085
C,F,-39.83871500610073,-65.19996894017633
C,K,-44.533152880166476,-60.61008358803868
C,D,-50.80544746567415,-56.25202888648052
C,I,-50.17066858757516,-60.58509278297845
C,I,-33.66845840306802,-69.43373770124735
C,T,125.00674228601497,91.59441645590303
C,T,-39.33526993193714,-50.075126526690426
C,K,-53.36200083368372,-59.137077156892126
C,K,-34.25997364347385,-68.55930407258808
C,F,-51.7568575080471,-59.504330884587255
C,K,-27.057644801866722,-60.477598536757895
C,K,-45.08404032715544,-79.26953456541722
C,V,-32.76879192425945,-77.67676877155805
C,F,77.17215190676272,-119.15499080541079
C,P,157.85008071661076,-74.2830085215181
C,T,112.61719357117639,-86.34474630707601
C,L,157.49558176298504,-75.77611113784364
C,S,150.36676080341888,-62.821903915467566
C,L,-40.755870622184226,-52.63387204207799
C,G,-43.31303289783123,-58.54643816304065
C,L,-48.29113093558599,-66.60978494391108
C,D,-43.826167704958245,-57.33811992928793
C,K,-48.04261702979223,-54.97506061840737
C,E,-42.31124526144814,-61.65284588249781
C,V,-46.90044362772984,-61.44578668589283
C,R,-10.46213871316528,-74.47956606894861
C,Y,-21.047695229396666,-60.142312025196766
C,A,-5.387244739631288,-95.53215637524956
C,Y,134.3816312104408,-74.76442673752933
C,R,-30.69326188369337,-133.61352891487275
C,G,-126.6385990848835,98.96497922230719
C,G,143.93442752860335,-118.88118007412916
C,F,109.12718793712769,-78.3365386883245
C,T,108.57345256951575,-126.5897170038981
C,W,143.61829233227783,-142.9329214405321
C,L,135.24979363784837,-118.95980901926603
C,N,117.45086383135619,-73.39119661703711
C,D,-35.24741725221349,-45.61538697384681
C,R,-38.10888155121256,-49.5066704435024
C,F,1.0241016241263492,-103.57729390491238
C,K,122.72019322856356,-61.0964371768574
C,E,44.36536444470726,54.41124762912775
C,K,129.82821181735196,-132.52920534403515
C,E,118.98033950862713,-68.54927717593507
C,I,170.0279312856047,-113.31848054272429
C,G,-135.19882174004468,-89.41464519903279
C,E,138.85807784652877,-73.21926382433936
C,G,175.15162342860765,-157.33549381291877
C,M,158.58712867175188,-139.7627172410587
C,V,131.5687649308773,-119.77523769940937
C,F,135.08504878268133,-115.83159084737756
C,D,134.58728090018468,-125.82816053265194
C,V,138.50341627106954,-71.62737760839765
C,N,103.64527361921215,-76.23175643384859
C,S,74.0810280842205,54.04068506746777
C,L,-60.009789250997464,-50.5824337925163
C,Y,-45.97637836125116,-72.11962227349524
C,P,-28.292066147350273,-56.21101347509501
C,A,-36.89801351552184,-68.24371240213236
C,Q,-39.44242035547688,-73.88690477256766
C,M,-25.603393086446612,-64.83863754770265
C,Y,-34.089248027675886,-83.99899626938054
C,S,-32.32309291883115,-127.68654460644511
C,R,160.0229282269869,-63.27984873244471
C,L,119.03067832670786,-83.96322790763129
C,L,152.79467583217684,-126.68658520818704
C,P,157.5222264694837,-78.62942847874473
C,Y,164.30748121402146,-160.72328370982927
C,G,-178.90161917769368,77.099044743362
C,E,126.74090350993379,-68.14607610451247
C,P,159.70424912773942,-74.54085961986527
C,I,123.68625822901124,-109.99799114504168
C,V,136.79556252266448,-77.89076288470196
C,F,150.65229273839302,-134.36615571855145
C,E,154.25335065819965,-91.43500648798282
C,G,-154.3778935166788,71.98064791541267
C,K,136.69295721326185,-78.91467441750713
C,Y,138.78957861076984,-60.730223384200855
C,V,133.00080997928973,-114.69002383982827
C,W,123.65983690165635,-45.01140707762047
C,D,115.19157410913596,-132.47213075362214
C,E,-18.823261865947018,-67.7583964615951
C,D,-16.412491746424795,-88.24485309077077
C,Y,67.87605974785681,-130.16296044472273
C,P,-5.006398096570931,-85.43242029284015
C,L,144.14927487503203,-111.21749657420187
C,H,160.1838218962319,-152.53341284224283
C,I,125.85044440405719,-118.36583936713448
C,Q,130.6972184288667,-111.4388140582129
C,H,111.43903155254351,-88.42144429258619
C,I,157.11224839126118,-117.11725780899388
C,R,135.77989173670966,-140.22746225658562
C,C,174.53478167723236,179.06084189313017
C,E,167.6138933585515,-113.43168003537518
C,F,154.56861602446835,-160.66610720300483
C,E,134.82561099262793,-128.0263396960003
C,L,133.60798288421017,-60.0785355066248
C,K,151.90271591111082,-72.69793820238458
C,E,138.96441401186692,-65.73152226840445
C,G,19.08493869770002,75.8603111230277
C,Y,148.77947776386156,-119.6261017718553
C,I,134.1235450233929,-77.64547355661115
C,P,140.24385429064924,-68.59036526754088
C,T,-33.17678504590631,-116.56314656464716
C,I,139.8126594047396,-88.43678155321334
C,Q,127.99485530999799,-137.28695393289442
C,I,106.92866139144782,-112.32876438186409
C,K,-64.77303388547327,-74.93487638531636
C,R,100.68749712014537,-91.45376694462882
C,S,153.7569054486894,-159.7729540353644
C,R,-31.968999545427746,-65.29362585116456
C,F,59.98968069836501,-116.09049585628058
C,Y,140.8448741714311,-95.13662822770107
C,K,43.834485821113574,-143.2682592206491
C,G,11.80645240521501,-51.67515729782278
C,N,-37.02135850400735,-88.56433111045018
C,E,149.16269046277986,-95.54997099666859
C,Y,126.01480561037243,-81.19671525190856
C,L,143.10011220941655,-81.35791413454676
C,K,-20.93701074237177,-92.38180144707653
C,S,163.88848344375722,-160.0371967954723
C,S,-15.637926128388747,-76.3333139035055
C,G,-1.0407907394109406,76.08929366503327
C,G,14.831877302701606,92.38153375036589
C,E,154.1835078384009,-130.67465918536172
C,I,120.26158800999859,-78.8065926113893
C,A,146.2093078421923,-76.24660286400177
C,D,100.92325386391502,-128.68955654165683
C,L,146.8953823116549,-124.12860963895821
C,W,116.34633319494309,-107.04792071330127
C,L,136.39509054682708,-124.14420720145016
C,S,153.62624794267137,-69.73091340740672
C,N,-34.16743802526849,-63.3358522120237
C,V,-49.28102271107412,-54.6811115487497
C,D,-46.49141695547177,-65.61988875834454
C,L,-49.398716365831454,-58.77525610014496
C,E,-41.486774899959826,-55.61956328674015
C,L,-40.670476347441834,-66.86153848715179
C,M,-46.042978401079615,-63.111359075147305
C,K,-35.5844549780717,-56.94397135136269
C,E,-40.28808477193777,-68.97240564480792
C,H,-21.753511737436725,-90.54011995629754
C,Y,153.83806989005186,-123.13468725967024
C,D,119.75716238752413,-85.72809445097566
C,L,136.8608159127267,-95.13558172111115
C,Y,148.35385594143878,-125.16009361541391
C,N,44.37551988940279,47.58589299018894
C,V,131.55673245093297,-64.33421422978242
C,E,124.89781630884664,-125.48990230635415
C,Y,106.85650729828573,-103.12888520378107
C,I,-57.76237669820741,-77.9147837108951
C,S,175.2032236026517,-172.33761325437698
C,G,-171.92750228050332,-163.61296079825587
C,L,135.88147236037767,-136.87292855415777
C,K,150.77838785234522,-118.13523796320302
C,F,146.66519807059245,-128.98977329119666
C,K,149.49217958410935,-64.55310531222929
C,A,150.6247110017705,-141.88896383081632
C,T,-179.89783001997736,-151.74212282875092
C,T,-17.2473899738977,-123.11290891727087
C,G,-26.76479926838874,-69.35671882882842
C,L,-48.208109762883204,-33.5993513815861
C,F,1.2943722178256583,-105.50237102355007
C,K,-42.74294779608879,-66.32750451472116
C,D,-47.97628375643421,-60.51563638253717
C,F,-50.619656467828364,-57.15995715484089
C,I,-43.21422803484585,-66.72132427187177
C,D,-52.91575495756615,-55.036389616670654
C,K,-52.926906050795836,-49.89608335497108
C,W,-31.719191701360398,-80.39366172963416
C,T,-39.81807197449176,-61.33339718144515
C,Y,-53.81240908177326,-60.03921461520014
C,I,-37.84175515197141,-58.035874882218046
C,K,-47.63133268392524,-58.6841603495688
C,T,-35.00406319064893,-79.77378995952343
C,T,-33.64328161810785,-66.93462554331164
C,S,178.39705763004892,-100.47741093716706
C,E,161.67032905095593,-144.28218600963802
C,G,-136.83806743089798,66.2233318961072
C,A,-55.648306185714084,-47.505343120512386
C,I,-36.96282567839823,-59.81175439028234
C,K,-42.308711286106124,-63.76008827537471
C,Q,-37.282655695412316,-65.97776353471505
C,L,-36.38884619650672,-68.50336886941486
C,A,-43.0573148196332,-60.94973191266386
C,K,-48.973509138786916,-63.807304407535796
C,L,-43.76540413912926,-51.131524527902904
C,M,-37.41874947269147,-66.20771471960865
C,L,-35.775071944735565,-73.38397290676319
C,N,-25.3676974582258,-88.08088443926309
C,S,-19.32220617654247,-81.60417534967381
C,L,-48.76987187881339,-66.27176814851524
C,Y,-51.88677230993219,-49.548793238029546
C,G,-26.198265832027698,-51.16780603464138
C,K,-28.42933642620766,-67.2250844863085
C,F,-23.837927820895587,-81.96725173544426
C,A,52.113015744750776,-100.69438236928798
C,S,149.59272820043506,-120.48039286811287
C,N,160.7484835523037,-88.84046586930165
C,P,0.3637022747789572,-86.93376928079637
C,D,126.9292312507143,-71.85591473700376
C,V,24.339443993164874,-133.069452465619
C,T,129.25759143451316,-61.970806912793435
C,G,162.66707333243855,-108.46855854004203
C,K,134.3863065902441,-91.47675371866308
C,V,121.17070425809545,-106.0882538197373
C,P,152.77245051464826,-74.8213727911818
C,Y,147.15357326704222,-149.76902542222481
C,L,124.23598393336695,-76.07794740655496
C,K,175.69401962503142,-71.65346228778446
C,E,-40.9328816431871,-61.02021614444223
C,N,13.715574513057382,-99.32565083514146
C,G,-7.86717669499707,92.03073954973858
C,A,173.8385368735362,-81.70429193034413
C,L,134.3333431069475,-93.08452413918728
C,G,159.0469358611684,-119.36384295089029
C,F,126.94011791803568,-134.7196167004837
C,R,140.98231387102445,-116.0255545118051
C,L,133.46596935213748,-62.45988092696656
C,G,-157.59023212494273,-87.20748744563232
C,E,138.39234934495556,-69.38672202014436
C,E,127.21146416504403,-58.74449384497303
C,E,140.49961972064077,-138.0509781018584
C,T,128.74142857236689,-123.74469375186231
C,K,153.62516921845747,-103.20842543595425
C,D,138.24678664453137,-67.67611436049681
C,P,143.42124786973486,-83.43840169716871
C,V,-60.62962398804456,-66.34040795946702
C,Y,93.77295338375127,-176.22993793433383
C,T,-26.060354082512347,-73.8603768592611
C,P,-40.411880078385686,-54.77017826443677
C,M,-41.75026957094353,-58.76752892598602
C,G,-48.17647749152593,-56.67844000164535
C,V,-48.58447968948196,-58.989239080251934
C,F,-30.116983004123846,-78.67054576708159
C,I,-48.93873805002221,-62.78293715110263
C,T,-29.320742005537426,-69.4523667976239
C,A,-45.34861066415927,-66.86119150069109
C,W,-37.264530970953764,-66.37581836142064
C,A,-43.26206330698296,-61.79996631537566
C,R,-46.340235520020514,-62.610316904007085
C,Y,-46.117824018641464,-51.45561492127528
C,T,-48.56663812839376,-58.94279289094141
C,T,-50.63986042377664,-70.40316542968614
C,I,-43.18991780210905,-58.743613112874165
C,T,-54.19800902954034,-55.84627463510034
C,A,-46.40442562489395,-61.363144406650115
C,A,-43.715524771894636,-56.041019821362
C,Q,-43.93169356089482,-64.90340963976949
C,A,-19.89494475397879,-58.73393873286843
C,C,34.60572594615123,-114.54357635856273
C,Y,-37.80926193033628,-55.38577091091162
C,D,-19.021050721148708,-68.70753209972499
C,R,-2.7093658314949867,-122.17832837894119
C,I,132.3346184089628,-69.78334459149005
C,I,-49.536390659640944,-111.04773366354783
C,Y,144.11200977713742,-154.52759708889943
C,C,140.80897323715493,-127.04770165056101
C,D,96.919742319935,-141.3209635545483
C,T,-71.01532839499288,59.68262681221297
C,D,12.866052003911504,-123.46266708073667
C,S,153.22619411913115,-135.2419478859828
C,I,129.80610434484157,-123.82063055496825
C,H,123.14369379470716,-106.3607344964712
C,L,152.0762904219159,-118.5706608464832
C,T,147.24590042690122,-73.86690284985983
C,G,176.58733330323088,84.29081091466303
C,T,-7.936776246094907,-121.83004296669417
C,E,139.42631702253038,-91.68751955785326
C,I,120.07833097310511,-65.53050663251443
C,P,129.83295999115307,-55.7750441731593
C,D,-44.287066040288586,-52.872487333725424
C,V,-26.010155538022598,-56.225034230346346
C,I,-5.1759831885689245,-111.90859035130833
C,K,-41.030484316844685,-47.43269151476478
C,D,-19.130163154250862,-65.5595092455451
C,I,19.26263506592361,-120.38473639755549
C,V,128.98830394543523,-100.87349864459253
C,D,136.00161021447946,-161.07341949064667
C,P,-32.05377153489455,-60.93559726597669
C,K,-46.26013752544811,-120.01143056555925
C,K,127.59400820496019,-47.08075569704783
C,L,129.15138431284328,-51.65221204105022
C,G,-11.795318918126155,84.6305361526526
C,Y,159.46709019165962,-84.20846317931388
C,W,131.79803923337516,-83.93851424828544
C,A,133.7586671460539,-105.97441879964879
C,H,106.43941134371238,-69.61321367562684
C,E,-51.46459499097969,-89.26078200259039
C,S,167.89623094880807,-155.51823864377437
C,T,131.85611692413002,-132.73691622552005
C,F,147.07647957580897,-112.9443924628053
C,K,-43.02887643065211,-76.1983081958803
C,R,164.5624964915329,-155.19539783155716
C,A,163.54530659341194,-161.7438863242945
C,K,126.31369606192737,-144.45120969662722
C,Y,120.44889639639996,-112.28911742705083
C,L,-35.06596976704656,-86.9250095931693
C,R,179.34472957903756,178.36979470164025
C,Q,126.21492339882582,-32.19630650499517
C,K,7.450905675379751,58.97131271127481
C,T,107.8818809827855,-121.30811521407193
C,Y,163.5355313080132,-167.7452023757194
C,I,149.80399890486174,-132.82311836971363
C,Q,150.94770919206223,-138.71184386453538
C,D,97.27304556293512,-105.5781464210208
C,I,140.17021273432627,-85.20950540934643
C,Y,126.04226452121254,-74.83943298399561
C,M,144.53301721181,-122.04717714252219
C,K,135.3935640190876,-130.42151814645385
C,E,128.25057744488802,-83.99546268168935
C,V,89.76718520458913,-133.34525196881822
C,D,86.4782758486358,64.26579529630264
C,G,-55.974723108175695,59.31302189650755
C,K,166.49250790184396,-69.158643982547
C,L,130.2464726095683,-120.632918141263
C,V,168.23620684677513,-132.52030149743706
C,E,127.55896049864921,-62.17958705839403
C,G,-175.78651530646513,-113.23329720332367
C,S,173.83098149431711,-105.8072021981207
C,P,-22.684745785409685,-61.95821643793782
C,D,-44.53618393839005,-95.36306057469844
C,D,94.98802001153283,-103.18473597867003
C,Y,155.81989999597843,-166.0594418948205
C,T,-19.00890260272791,-126.61416382107893
C,D,163.21428270252724,-138.85659751733107
C,I,114.01767545582177,-116.46090777266514
C,K,121.18277052677395,-91.11484576833517
C,F,131.43105878007853,-84.64896751687382
C,S,134.13639207894448,-133.26102651459223
C,V,128.95773392664503,-122.36054619590512
C,K,115.28015696228948,-119.21468283098449
C,C,131.21147800424228,-152.0206988609492
C,A,120.77886270554244,-60.71984078542922
C,G,-9.614401651003224,84.8165323593405
C,M,125.28518153126163,-74.73822463093326
C,T,159.98219352274884,-83.53506574256144
C,D,-38.277954690323114,-55.095661437842246
C,K,-44.98998346330015,-62.23590462369957
C,I,-39.594669546021514,-69.98176324340096
C,K,-33.03322452007381,-51.296927118420975
C,K,-21.869561485600432,-71.31884501073552
C,E,-20.386997511561542,-78.43466530026352
C,V,137.78969982661488,-76.04032531346039
C,T,-177.47100100037505,-131.78175987849306
C,F,-23.173273689036783,-69.02742628959952
C,E,-35.0753272930076,-88.30579174798505
C,N,-7.164298765805117,-95.02097753702456
C,F,82.99621028918756,-75.56448357900824
C,K,166.28415925567248,-142.37700568559055
C,V,126.44531901902398,-65.24995481612262
C,G,-13.885502895218863,111.63069126315939
C,F,127.09582200203278,-54.12176405332751
C,S,130.45314507328692,-143.94989704661614
C,R,137.0292626845023,-135.71456120880424
C,K,68.85722559974948,-91.74210124966586
C,M,35.427149466045215,-150.5065426793892
C,K,121.34198872515681,-102.37394540047602
C,P,128.44946967140385,-61.639364043129184
C,K,136.095702812794,-118.8456278040386
C,P,125.74858679076047,-79.4924612499522
C,V,122.08480854335794,-119.1600429475602
C,Q,128.88548855080523,-76.11179478060126
C,V,166.17854016993178,-137.6430996414177
C,P,117.66310454103478,-55.07264597949885
C,G,-35.795542581510645,112.76953731110719
C,G,-143.70408268617646,171.34608053135818
C,V,140.43147068703817,-118.67305403477923
C,V,137.4219319462392,-122.78681847824691
C,L,133.2378879873423,-82.33115562369815
C,V,136.2041981440731,-130.47227823062454
C,D,134.69425166111708,-62.171602917520346
C,D,149.77264328772523,-137.22521320147112
C,T,123.51775800454702,-70.52450978241794
C,F,134.84746394336892,-106.25383771609258
C,T,139.32277971968855,-135.21706278114002
C,I,113.32182716399873,-79.381902866301
D,X,-6.033965299993389,-104.25417869969004
D,X,10.979003168328378,-90.03988800621308
D,X,-48.90274231790305,-82.47436870665888
D,X,-18.109967691374557,-82.34466666332926
D,X,-13.85641688743986,-73.56881817430255
D,X,-34.083640078286955,-102.75024264699363
D,X,-24.32571133779129,-64.20247340835603
D,X,-49.8342133404128,-77.72359913183251
D,X,1.8897574688730339,-63.69437374982134
D,X,-23.05251055075713,-113.15064829104867
D,X,8.694674206696687,-79.26381824921408
D,X,143.67223020465732,-25.509463600653728
D,X,18.630728698713938,-92.93066729136918
D,X,-15.13055143466986,-67.11427521813533
D,X,-54.396561027386994,-66.7263611124521
D,X,-23.779559042681086,-74.60925429353853
D,X,-43.45017388579381,-76.82102127794582
D,X,-27.42540765274147,-69.90975844047338
D,X,-45.78151337397028,-64.49602734987873
D,X,-34.67794239662219,-74.087901456998
D,X,-22.699940554446794,-63.610880686811285
D,X,-37.42180340781464,-102.19280586978608
D,X,-39.935090853762695,-64.32189549037325
D,X,-18.26983767191936,-77.81254603910587
D,X,-29.860182327350234,-78.76271921529488
D,X,-35.554932927274855,-94.00706578665
D,X,-46.445535737828806,-85.75139631683726
D,X,-11.505362415728154,-114.75079005293708
D,X,77.2501116131387,66.66828491279574
D,X,153.06168187395767,-147.53924611208652
D,X,173.64715582661208,-71.76842110248799
D,X,121.07335902772543,-117.28265263610002
D,X,89.69384507621122,63.603438952011714
D,A,-45.12418595490993,25.424034692784815
D,N,89.0528189255147,-83.22479297573832
D,M,6.59486694720988,-68.10698155588946
D,R,-28.658226536435013,-72.8147480759264
D,Y,22.401334356032166,-120.47480972100217
D,Q,128.8757604803296,-103.1003746927964
D,F,166.38434401106156,-115.29040596802815
D,E,127.49886809514673,-140.87849424284903
D,K,133.808274978252,-98.15493478320948
D,N,165.86741088783612,-77.85257197823462
D,A,-9.341361386293647,-68.07462018295809
D,Y,9.369443332526497,-115.86228813881672
D,G,21.173622543983363,75.87755459736462
D,V,131.55459116893343,-86.44230440684495
D,V,128.50003457991008,-116.95635092453261
D,A,147.4257443705556,-146.8874850813245
D,S,150.3177484795574,-65.57776280038011
D,K,-26.985612610209095,-65.16459866682251
D,A,-48.446164858958554,-63.81513452307089
D,K,-41.073451785910024,-61.303923532799466
D,I,-48.87984056859279,-62.59644755647236
D,A,-39.480815826177086,-55.6724952814792
D,E,-52.784826530216684,-60.448109411306035
D,I,-37.79049811037984,-58.70438535961123
D,E,-52.462960256434094,-61.098945063053804
D,R,-43.613458581953836,-59.52694416734111
D,N,-45.28671787112805,-60.22135042999659
D,T,-48.10690174663758,-58.337049651997916
D,K,-43.06832929238233,-53.69808052145353
D,E,-41.77539215341117,-62.80248785320977
D,V,-38.97876577668785,-66.95834955303678
D,Q,-47.68249880174727,-59.20474520540357
D,R,-46.57376525007816,-52.66748385715412
D,L,-38.117716822228815,-72.71884924546306
D,V,-43.37988028774642,-62.41718539960378
D,D,-51.1560294581767,-61.02665124487295
D,E,-51.363159597816484,-47.559711700138294
D,K,-44.84954579511971,-63.97849037504176
D,I,-47.03415396077487,-60.96587461098544
D,K,-50.591946214667,-60.18343496702283
D,A,-33.245291231365464,-53.41781128008762
D,M,-50.8280609463036,-73.52583651817876
D,K,-44.58107921742009,-42.53406432222742
D,D,-47.29926046690747,-75.21701325346005
D,K,-51.059162042339715,-47.79948564683021
D,E,-37.90993269734259,-57.4974066983406
D,Y,-50.450128287961455,-78.50319215307934
D,Y,-53.94145904657715,-88.00010029672924
D,A,-76.08294120938798,-78.20528807399933
D,T,104.16545243501501,147.87770723553723
D,G,44.455320635526,-73.72805303614744
D,I,102.78402685342765,-92.21672494569073
D,N,119.35113006211104,-116.0758227535337
D,R,123.1747195370404,-66.46711463726339
D,P,151.55320565570898,-79.81245780887714
D,H,148.0544769830394,-68.39651866467459
D,D,130.48965153330607,-51.68691279404642
D,F,120.98794791005884,-66.91332761698008
D,D,102.40045978879598,-118.7325455847369
D,F,-26.78996899712405,-59.19324184876552
D,S,-18.784613644144514,-66.50401555758478
D,K,-0.7077808082484532,-97.71240524695259
D,V,111.54273954263381,-85.34535892151274
D,R,-5.73417822547454,-92.35496234859122
D,S,162.01253725193956,-160.5027081692634
D,Y,-32.213854311535044,-66.81101246068337
D,S,-42.08172257786279,-64.23815717955688
D,R,-46.64390996486292,-62.61492993038697
D,L,-48.562979161379076,-55.94696199983447
D,R,-39.06275291489274,-61.2092420771181
D,T,-46.992944710928676,-64.57767802998116
D,L,-46.11524784446919,-62.74575848156403
D,E,-54.693370907812444,-57.961036208633175
D,E,-51.28335688950132,-62.82934660074196
D,S,-36.48211226333098,-71.52457827580152
D,M,-34.837626008260585,-62.17589516276122
D,E,-38.308620398401544,-80.33352236109467
D,M,-30.154744349496617,-58.965608644951274
D,R,4.33231015036917,-89.9969446427152
D,T,-14.463346574242815,-89.58705262709174
D,D,127.3359707770824,-57.033410411955764
D,P,-22.10321485295886,-63.68924454472919
D,Q,25.256083534699222,-111.42221210611484
D,Y,-51.914949677400166,-55.90025752697455
D,Y,-28.792851916406953,-72.88374519157433
D,E,-46.13449957692848,-68.79533445683718
D,K,-32.10377850963365,-60.52429122359516
D,K,-35.491904904804485,-71.8830004678145
D,M,-45.57744901483132,-64.89130110683527
D,I,-43.74467711316655,-58.62794539255352
D,Q,-33.82590008889296,-69.09905666682425
D,L,-51.12891520511381,-60.12034612035058
D,Q,-42.484345941003646,-61.02950697834511
D,L,-40.97112829060677,-63.15248754548598
D,N,-38.38593543134251,-64.6739713857117
D,F,-35.92834162097563,-73.44527699929272
D,I,-40.71973836195872,-66.34678531678355
D,K,-37.559593133848296,-64.17515899942605
D,S,-35.380954851735716,-67.81289654423036
D,V,-44.71594715262656,-73.0141687023404
D,E,-35.333024140570025,-57.438966882832695
D,G,-51.18599174245696,-71.20207350720015
D,S,-20.57352521378934,-75.90987899078331
D,F,-17.699712582553822,-117.66320942212717
D,N,-152.18916656744008,65.2313019831987
D,S,118.21217136654165,-121.52372210671892
D,F,165.2984753226983,-158.67624195487733
D,D,-59.93970189441352,-34.08729481004538
D,A,-42.33956064356737,-64.96169440832297
D,A,-44.49669082763706,-68.64639705794423
D,D,-37.31863982872241,-57.976894829858715
D,E,-41.50438468120742,-66.78625645009043
D,L,-40.872763129947415,-61.6652805840568
D,I,-41.93115190665671,-66.77809909127492
D,E,-26.947490532756333,-70.33028391196697
D,E,-39.92924089988253,-71.51570760125249
D,L,-36.51644947663934,-71.97836789897146
D,K,-34.638741394464844,-59.79533029951725
D,K,-8.584551412135921,-75.8026038890158
D,I,125.35275776982341,-84.40872464597216
D,P,132.27852717260438,-51.54802337103823
D,P,-33.452076440175084,-54.04808543543556
D,D,-34.76535956483745,-76.18108335932234
D,D,-39.20655759608054,-67.85796247080488
D,F,-28.39589290653582,-52.8118387428245
D,Y,-52.06713915971271,-60.66995430322018
D,E,-38.01500943968463,-66.6229543492845
D,L,-34.128065830914785,-60.32735876415134
D,F,-30.15256908553846,-71.45758306970855
D,L,-9.894713771793697,-65.28591944693176
D,R,-68.6514209714804,-97.57100632996885
D,I,-31.629522964749235,-55.708750905728614
D,S,-57.124649859475255,-60.67836838348223
D,E,38.801581005511935,-83.10886148946595
D,I,-61.781383145195775,-129.4503633037955
D,S,150.58794054199296,-85.33876879363827
D,G,86.81154160354578,21.833435039337125
D,N,65.11843228562239,-100.9995263915073
D,T,173.79864677250706,-67.17020724558247
D,V,-43.891535018194766,-65.4250519270743
D,E,-32.55359896593896,-69.46316221412773
D,N,-35.261787252823666,-70.51836703252664
D,V,-50.1499758800216,-69.24900791558748
D,E,-37.09020852591526,-55.381894204796005
D,G,-43.32172689295143,-65.29631853582413
D,N,-33.19154117151083,-63.81503138537042
D,V,-50.02259105807898,-66.91137588936205
D,Y,-32.56918937749979,-57.51431134297676
D,K,-48.811454855929405,-68.11088795072763
D,I,-35.92229436763998,-66.60277436937672
D,L,-34.27660307793209,-61.86345043638737
D,S,-23.087053475317923,-76.12673433846938
D,Y,-39.4726714423132,-73.95168156896563
D,L,-37.13971024530118,-64.21450180997738
D,E,-35.48436197185165,-64.47903244448042
D,Q,-28.73365197274296,-72.32419191191502
D,Y,-45.65157227705386,-69.21389960577744
D,R,-33.57926343852671,-68.19921348891914
D,R,9.80587528627104,-79.57408504929992
D,G,53.58345724342967,65.26685516776604
D,D,-12.583167139501494,-95.60975659982958
E,K,153.0175222343251,-74.41976748072346
E,M,139.12162765132865,-126.28453733554633
E,Y,140.72709077037396,-130.37736127866208
E,S,130.26477729035398,-93.59468325614502
E,C,158.59614076576784,-131.69812081770334
E,A,147.22725749431055,-159.24860243137363
E,F,162.5881373446187,-114.6616673012655
E,E,130.77703063898414,-133.15457733515146
E,T,166.2397216341253,-132.16440493853807
E,T,164.0749450902777,-83.21742321032262
E,T,3.6477348935298184,-110.02932460916064
E,K,127.50020728422105,-85.57209906844614
E,V,-42.324974675135934,-51.88460212861046
E,E,-39.43381043971786,-81.74646430608787
E,D,88.05590213284316,-115.58794299886134
E,C,113.59150705106197,-121.39298897002072
E,R,155.93523879069394,-159.74125340603015
E,V,119.87883365215616,-74.44662339393744
E,W,-15.89791638265158,-102.0714129039852
E,A,142.66683328139086,-148.57034021270536
E,Y,157.28555482155176,-129.0983651323024
E,G,135.33423156014643,-151.1749827383262
E,Y,144.91488486470266,-134.14789090386088
E,M,130.2058987179981,-138.61778187218675
E,N,119.57413010577467,-60.2714691983529
E,I,-32.603055802828585,-65.27930950052463
E,E,-14.873140746822052,-85.75620107481535
E,D,94.81213530689217,-149.06147984265692
E,H,-6.43077074597252,-72.24471797333143
E,S,-20.112547653629676,-75.87016781083761
E,E,104.855128639981,-96.98289856760171
E,Y,161.99003699447746,-152.54495766293476
E,K,138.88912087841476,-146.5386456822994
E,I,120.19560583309776,-124.97337994007874
E,G,178.1783910452599,-128.16698517376958
E,N,23.736844728260074,-123.52757120593118
E,S,122.07097098133828,-138.90639149168157
E,L,-44.17702905774186,-58.989286867900965
E,D,-44.715387455546946,-54.46454168342926
E,E,-47.741165496906504,-57.73665318184471
E,F,-47.8790343411782,-64.38457192997491
E,M,-34.7947689527709,-63.53370922357416
E,A,-39.98368451341425,-61.3619628192944
E,W,-48.76608624064354,-66.29101604928256
E,V,-52.59932826855039,-44.75817538753951
E,L,-14.710208065567043,-65.0040001449823
E,K,-37.16702091780873,-99.89232778352721
E,V,-21.405537433146336,-68.51274280624983
E,Q,53.75289029243532,44.612147058184675
E,A,172.78323680041183,-125.83460985250075
E,D,118.71404222164749,-93.60039701079357
E,L,142.87343294851686,-107.06454321130316
E,Y,127.7634754625635,-123.59111751990042
E,F,135.95483335163092,-115.64198342520969
E,H,101.52977970175648,-85.7893640117735
E,N,78.57261059035356,79.819369574009
E,L,-29.72337358786371,-72.88081203877546
E,K,-47.78266481819848,-40.80042240085013
E,F,-68.15402790711094,-72.54596919928106
E,A,-35.763082959941514,-59.06573184501209
E,G,-36.62500144286927,-57.78668307982751
E,A,-35.474778816797986,-60.274988004975924
E,F,-36.476874118254564,-67.57556103061873
E,I,-52.05347056590903,-70.52171466443146
E,I,-43.43178955024148,-55.89439903225209
E,N,-41.50611392237782,-54.30407828888637
E,W,-49.39654886177999,-68.82901740005197
E,L,-52.96993738816936,-53.75617794861602
E,E,-31.96985192325703,-56.57411986034817
E,R,-10.619231392101627,-86.57609773678102
E,N,44.8610634369905,-119.6915026024761
E,G,22.18281115897824,73.20191250005597
E,F,141.99896439934608,-106.72387257250263
E,K,162.86633199244045,-119.48112682347853
E,W,130.55216937807992,-85.84226258289812
E,S,132.71464095618242,-151.02333825155284
E,A,-8.288337022662617,-85.86200054389049
E,D,-7.602519255215338,-89.6784439742232
E,G,58.864662204343894,66.51409568134653
E,L,159.21584267790362,-88.44849614985331
E,P,143.182130817428,-62.58028372949513
E,N,27.537185934089614,61.429793144506
E,T,163.0437448978304,-127.23533178137629
E,Y,164.92453052901516,-124.58181925763748
E,N,146.8567879252776,-137.77987556668052
E,T,156.39429381787355,-129.47416510836632
E,I,103.2758314141764,-117.45845930643388
E,I,112.18823473054967,-127.86263481412652
E,S,170.21848359094037,-74.46746311123397
E,R,-31.73678965305155,-50.19619886925683
E,M,-0.02749937812496751,-84.55644363958208
E,G,28.29416963537182,75.62364570551529
E,Q,127.54045176388507,-86.79684837787805
E,W,118.8039605561871,-92.04464690402307
E,Y,-37.107220423181644,-103.33385047097315
E,M,137.73985623654934,-164.95742352713214
E,I,122.69235027106593,-118.50922566948768
E,D,101.27293430384245,-114.9398089214515
E,I,108.9351133108574,-87.38279930239739
E,C,124.32027490710978,-96.91383955337272
E,L,-43.11085853264919,-97.12634874846297
E,G,-161.6411868036721,171.63256994043272
E,Y,131.4391359312261,-131.81758137977525
E,K,105.48575771951928,-112.40595268470692
E,G,-119.5517626707721,69.22997796522826
E,K,-21.356355447930248,-100.70255106360179
E,R,117.49334816079539,-65.46584363404175
E,K,122.28307152305253,-73.76113054856869
E,I,112.15406089766908,-87.80743103594179
E,H,158.47084527125398,-158.76900774878666
E,T,133.30825919230338,-118.15434906340045
E,V,128.4185056169332,-114.45426868641488
E,I,128.81207618964748,-110.78348219619703
E,Y,166.48499850686713,-119.80743352486708
E,D,111.72914322702815,-102.16146683624714
E,S,-18.162854418102878,-68.77709539832597
E,L,-15.986535724427817,-67.69840934269175
E,K,-26.57342341407081,-85.19277373667107
E,K,-40.49300678607431,-80.60370108146138
E,L,87.29295733595023,-129.52891054677278
E,P,63.78886572794891,-75.21560619456967
E,F,154.53259795417162,-148.19255792090706
E,P,160.36384571032434,-66.33754118583197
E,V,-51.02294060671174,-53.71346238444612
E,K,-44.85672673025527,-60.22911728876544
E,K,-43.935323648875304,-55.82293662192916
E,I,-54.32538390152802,-60.6665771329102
E,A,-50.56655157933903,-53.807769243020424
E,K,-48.96355370808899,-53.62175723260668
E,D,-28.451627113810115,-82.55790096414731
E,F,7.385676436774314,-90.02739750741345
E,K,44.54024945608497,55.51462717547288
E,L,152.80694446090843,-108.15027255854564
E,T,119.48377388106157,-69.50086616223348
E,V,127.64511389007275,-128.37816315146966
E,L,138.02161233174323,-73.80580987055833
E,K,141.75294070027357,-70.91527557283112
E,G,-158.69303603944286,87.58841909998081
E,D,158.8407565960849,-159.16506730935146
E,I,129.22220350364398,-63.78344987428906
E,D,113.0128312561896,-73.53607145429005
E,Y,-18.92761496383108,-86.10117811262967
E,H,49.55529856831757,-84.91093757103576
E,K,132.7584923809804,-137.08207712601492
E,E,123.96137605203741,-81.18629414597352
E,R,95.166933562649,-125.65594018512792
E,P,172.6716911709698,-63.95385629452566
E,V,133.7295455278953,-65.47881062628768
E,G,12.389782821976771,82.79839517255142
E,Y,134.05393913951056,-57.78198614796299
E,K,122.16272135069387,-91.77986252313303
E,I,129.64392554556815,-62.5889654861113
E,T,161.12366742126804,-72.53465187666318
E,P,-38.338422923648906,-55.13292336483036
E,E,-39.94879421586907,-72.56548085622785
E,E,-44.83710715385463,-62.53598104499855
E,Y,-48.70182990243397,-52.58003581519087
E,A,-43.96306611485212,-56.961887929387196
E,Y,-47.2924101756336,-64.78564561529842
E,I,-45.39754413859291,-59.223080888878684
E,K,-43.49918800988114,-59.28838581268464
E,N,-48.57961838035237,-58.09512331271026
E,D,-49.89403915543255,-57.45307400103096
E,I,-33.415612910571106,-67.17375754780284
E,Q,-44.575377970106594,-70.84224318770629
E,I,-39.95166913159105,-56.06279016924777
E,I,-43.45296576218968,-71.32879218332904
E,A,-49.67440234849328,-53.79991385436972
E,E,-42.05805971358978,-62.84814086142772
E,A,-51.127865213873186,-65.60510892677195
E,L,-43.364546299548216,-59.26670720851101
E,L,-48.827175808076255,-59.11890753774448
E,I,-26.133946549955564,-57.6320404879426
E,Q,-42.97464201109179,-81.51115367870052
E,F,-34.380909630570955,-65.59517804627716
E,K,-7.7738113677206,-69.77649492123547
E,Q,-5.614033149115192,-95.27355882135062
E,G,0.7234154589796483,89.02703747364156
E,L,85.46536456734252,-80.52520655076967
E,D,-3.468903587146774,-113.42160935013212
E,R,174.5857109764967,-67.40402986927351
E,M,-42.00593791832696,-65.69316953214452
E,T,165.83742178787668,-124.31997126313186
E,A,-43.018622404967495,-60.11915623865711
E,G,-42.49538066135393,-56.890475448654
E,S,-41.45425950737229,-66.3621585431258
E,D,-45.359197973919116,-60.8380919021872
E,S,-53.55316776015588,-57.702427631361324
E,L,-40.90748023335419,-60.59257565892587
E,K,-42.98350012581702,-62.12293374453282
E,G,-44.58773058748772,-60.17168955429343
E,F,-38.11294671033928,-65.58304157869203
E,K,-40.86943753638773,-65.2274076028138
E,D,-55.87024983368306,-53.94098591891019
E,I,-48.07202969988534,-58.78345783468251
E,I,-25.21827238221498,-74.93484717575961
E,T,132.93858005039831,83.33382702806337
E,T,-48.95664078512547,-50.855984243666846
E,K,-46.85875421718663,-55.20867497450718
E,K,-29.510933029226223,-76.29185410538021
E,F,-52.48868132944596,-62.52406145443939
E,K,-24.523507377390672,-58.376373046128464
E,K,-42.280217597103295,-83.18851645111933
E,V,-30.56253376215751,-77.69591555136799
E,F,71.2139658752996,-121.21486213015285
E,P,149.4282223316163,-68.01422496718683
E,T,122.52105688354082,-81.68869495134768
E,L,162.49020153931212,-88.86933764511775
E,S,139.1596512350105,-62.38630671330829
E,L,-37.690732906148405,-47.28827987058694
E,G,-46.71042281372992,-58.89750457913209
E,L,-46.372775207818194,-67.86640260802504
E,D,-46.914048500855706,-52.55996591527653
E,K,-37.87380569899267,-62.796719135775696
E,E,-42.69019715901836,-65.4619707799718
E,V,-44.935045000582555,-64.17573645239553
E,R,-6.000746658165198,-72.37792030846461
E,Y,-23.528149215855098,-66.80005001711037
E,A,-2.7891073495124425,-93.97402709284528
E,Y,134.48976539975504,-70.6226866129789
E,R,-33.05544912708986,-131.31211242213993
E,G,-105.26366548386719,104.64031238282793
E,G,145.1600522827779,-138.95452901325277
E,F,110.36567344202648,-82.36333010770049
E,T,108.63260770754312,-128.55742496395862
E,W,137.78796664753924,-141.73798838170754
E,L,141.23736979924385,-111.2725679160971
E,N,124.00350424059917,-76.25603297779215
E,D,-33.96830697569909,-50.14102145793829
E,R,-38.111727809141264,-52.91783944114624
E,F,-9.133562963446186,-101.32622852485248
E,K,125.25332419523724,-51.851538488643264
E,E,37.93752964040146,56.686646881929256
E,K,131.85020020439867,-129.31231249599549
E,E,122.48560591831159,-69.77409109790666
E,I,161.78675185868488,-119.22110715191498
E,G,-133.31122017813803,-82.80107208421276
E,E,140.47674240924016,-72.97597913663535
E,G,174.21828966478878,-157.61786228002728
E,M,151.10857626208508,-142.4458862379435
E,V,140.45999529305524,-113.01992100469111
E,F,135.82834493754086,-122.40239262175024
E,D,132.10958655991914,-124.09882168735184
E,V,129.5125164441567,-72.85549583544285
E,N,102.87354714275776,-66.99992662370725
E,S,66.00121507142434,55.16731594807421
E,L,-61.11690372219117,-41.288266343207894
E,Y,-53.16104618236745,-67.23993536612352
E,P,-28.979977462810776,-53.641755871706756
E,A,-38.679643410603184,-65.54181257270366
E,Q,-42.71794930342576,-70.14565090012375
E,M,-23.797608180364417,-60.83173034165081
E,Y,-35.923574895069294,-86.13894864108926
E,S,-19.809861050784463,-129.80294871518316
E,R,149.2434509166902,-72.65122088995618
E,L,113.69556338171505,-68.27109191497881
E,L,157.27149991139987,-120.21429800299416
E,P,153.59904059097204,-81.42142012605012
E,Y,164.4218515428502,-154.7595009247767
E,G,-174.70810414348227,74.08882526185285
E,E,119.64185848657652,-67.4156358287235
E,P,163.51888810550605,-66.6416226084415
E,I,123.89229982122846,-121.20579056767781
E,V,125.57439947515364,-75.08596508970237
E,F,153.77278067268767,-120.89413749655881
E,E,155.2143433192601,-101.26750912513668
E,G,-153.61742129036267,74.5620572561938
E,K,139.17967800013957,-80.33338385066938
E,Y,132.5103758998122,-62.29496387199928
E,V,131.696245739245,-109.50276135551763
E,W,127.4112381253727,-44.36363214272207
E,D,110.88712293261358,-142.96368310816686
E,E,-15.167856582569959,-68.80093504064362
E,D,-29.32658876777328,-80.65478577214017
E,Y,70.00894884270129,-125.1161489092719
E,P,-10.115456383294513,-81.92249571358535
E,L,147.8689727046433,-109.84604678978754
E,H,165.57996624406945,-151.02562050998412
E,I,126.25377737388594,-122.46235016287052
E,Q,129.8310383345655,-110.93488640951173
E,H,106.02574394158849,-90.14235492743634
E,I,159.90344468345467,-110.01217105007365
E,R,135.653089023293,-139.57958235943659
E,C,179.40995523240926,-176.46538386162618
E,E,159.2274460507971,-113.36538755012248
E,F,153.12968914504015,-152.99153502918256
E,E,134.38792063051542,-132.24143028432903
E,L,137.081348142077,-62.66707895858812
E,K,156.4868670745461,-74.44210674535361
E,E,137.98822550839782,-68.23278056367893
E,G,18.01925464414568,70.77522069859798
E,Y,152.09693369382254,-116.26473174198576
E,I,136.22908611440178,-81.02503583300262
E,P,146.957550913077,-63.692831057243936
E,T,-41.49231350878864,-127.43164463845136
E,I,137.04199382576385,-79.35912461235965
E,Q,126.1980539101376,-134.8724481362061
E,I,94.02815573991278,-111.92912233495085
E,K,-25.21290631068332,-74.68577613299352
E,R,102.6198138499224,-122.78231091852821
E,S,161.5147286903721,-176.0351001358533
E,R,-55.42360826150938,-66.67546755661563
E,F,-38.11697943566099,-73.85064530437803
E,Y,134.8919760646294,-11.612133119775992
E,K,143.56833257278504,-115.3991071688613
E,G,-86.98359217855744,-44.98602646461033
E,N,15.124931207992617,-109.85569733324454
E,E,135.50211614137365,-88.43893776335682
E,Y,127.62317514816287,-78.02016171793545
E,L,136.1705773666715,-80.3001152997937
E,K,-20.914013361753696,-85.67736735190705
E,S,164.7876544090409,-163.77842796929596
E,S,-20.0336573922145,-74.80425143166568
E,G,11.214262014805689,74.12476319257215
E,G,7.027273324813788,86.21916885474211
E,E,158.54543448336912,-120.37328998441
E,I,129.21703623145802,-88.55295321465995
E,A,135.43612409239475,-84.28018976796596
E,D,106.9005805570335,-118.21957819783054
E,L,146.98088068386693,-126.2590397712107
E,W,113.69595862882758,-112.2439425311618
E,L,140.8924275828618,-122.70181894163588
E,S,155.74712717455648,-73.3586695131793
E,N,-31.67979082896166,-62.461416451210646
E,V,-52.80642055135338,-55.36274851103731
E,D,-45.06865529049674,-62.77677156226237
E,L,-40.82209556528326,-62.116547276939954
E,E,-42.2617172159598,-64.31012101871195
E,L,-35.36672920121742,-65.14621649077202
E,M,-42.84024417850856,-68.0357112325552
E,K,-28.110406339982003,-61.943460569720834
E,E,-39.00045653912828,-81.1730754558496
E,H,-25.069534264518012,-86.05279883771206
E,Y,148.31881995524904,-119.69343984048358
E,D,118.83090869704564,-83.53676572725826
E,L,144.10289769059656,-93.43653404527987
E,Y,145.97465620164402,-134.5008209600018
E,N,51.06288903919587,47.79164767312267
E,V,128.73141315645896,-77.96852137399581
E,E,129.48619152142913,-121.90397120685864
E,Y,107.39895189404302,-105.527059228421
E,I,-65.34276272926118,-77.14089832001707
E,S,-166.44143782257817,-163.46269416066454
E,G,-173.1788381400272,176.60864384389825
E,L,134.27589425814014,-140.92317439993494
E,K,149.0919005145632,-121.39285820263161
E,F,146.98268858615359,-128.28232692596947
E,K,151.63962790507523,-63.168670197989854
E,A,157.89358719325097,-138.7742639392506
E,T,171.43757731913004,-155.8988926577873
E,T,-9.241233497734758,-116.87714152891749
E,G,15.964697054910012,-101.32489964527443
E,L,-28.390313067015214,-67.2363361185014
E,F,-7.585116653166685,-115.01885605522608
E,K,-53.03129697561639,-49.93822425764979
E,D,-46.71984920577716,-56.38651214046255
E,F,-46.71826584760298,-63.597137570031606
E,I,-42.785649950753225,-70.8817200247292
E,D,-40.71280596072356,-60.56068065221108
E,K,-55.08066363827686,-55.929555363636474
E,W,-26.921975177565674,-81.18774354295356
E,T,-39.97856176217336,-66.70950533630167
E,Y,-52.61247192385053,-58.55489242748141
E,I,-36.29753610807741,-57.717679156465906
E,K,-52.2627120998754,-62.58546648448195
E,T,-28.341935097878977,-75.97234807701193
E,T,-25.8903480440243,-68.94170942280013
E,S,175.03756738692996,-119.83393807250395
E,E,158.7995079125863,-139.54823806239273
E,G,-135.11884914746463,67.12297310386566
E,A,-51.52149651778357,-52.919331395050584
E,I,-43.13706724054675,-58.49677528888674
E,K,-41.99741763669352,-59.98267104240071
E,Q,-46.57725385780168,-66.03467706530516
E,L,-30.94603249724524,-63.08005148234836
E,A,-41.347931276138624,-65.90866320957184
E,K,-43.72032835477946,-65.53058567465669
E,L,-42.18907336127554,-58.73402421598262
E,M,-44.817408254509054,-61.97449554003891
E,L,-32.27287642315889,-67.10606879439462
E,N,-21.986573745006943,-92.01029938419391
E,S,-15.429056272304377,-89.63941968515176
E,L,-52.65472005168062,-67.45078098968618
E,Y,-50.977271762757276,-46.47431533046394
E,G,-44.160145086884114,-40.67397489368348
E,K,-30.606760533845396,-60.13087293950185
E,F,-31.868324944589308,-78.17293887057147
E,A,68.75724321548216,-101.61820710552654
E,S,151.79011731984758,-139.55354949520793
E,N,155.66539041682384,-85.99553889764155
E,P,0.9945978966981889,-82.06004503470847
E,D,118.45492154047162,-77.2785663144756
E,V,24.710464143710045,-123.62979045062185
E,T,132.6394566052371,-61.80235335555371
E,G,159.7762881772357,-120.29943895570665
E,K,141.30903303490638,-89.92602236124046
E,V,121.633167664921,-114.20745246423003
E,P,146.7941098974191,-77.34602792084415
E,Y,145.25500246722285,-144.51942065434127
E,L,121.11834385926805,-73.28331451176848
E,K,169.45717995460757,-71.76637204692152
E,E,-43.40732428677644,-56.91757632043582
E,N,11.95345330073699,-92.64846610371028
E,G,-10.454136869386875,96.60762755209336
E,A,174.74670367781337,-80.7412831548502
E,L,138.50951230560793,-94.3714328952968
E,G,159.08487070256902,-122.7422617503742
E,F,128.64304227071577,-133.3703915433272
E,R,145.65512286848175,-119.47692829314151
E,L,132.8293386510932,-61.29769171691949
E,G,-161.96810441477123,-93.37742813595035
E,E,137.39536782304734,-55.908686062034036
E,E,138.01120317449957,-54.068415972633176
E,E,142.44815430966838,-149.74287652538777
E,T,128.02954284461237,-125.93461401284316
E,K,147.91672852845016,-97.28804895270616
E,D,129.8359004155735,-67.34235494899261
E,P,145.53199744416713,-72.03373363549225
E,V,-58.79594713331039,-71.5265396510096
E,Y,94.71417511739651,179.9273091989527
E,T,-31.473647070952367,-68.61152594224686
E,P,-38.33999878794803,-55.39308876826286
E,M,-45.083713910400846,-56.489746357881636
E,G,-41.292526373805046,-59.567478228214355
E,V,-49.49263394359705,-63.38561076808301
E,F,-31.059576696465516,-78.57726165574614
E,I,-49.225588215120986,-63.66548726544673
E,T,-25.470990872737374,-69.92596772376808
E,A,-47.93987208869819,-68.33018466370585
E,W,-34.301837797726115,-63.051568329838865
E,A,-49.476228883182884,-59.81731224696091
E,R,-49.646076970227966,-57.077070018881
E,Y,-46.21067427105494,-50.81114863023312
E,T,-52.864255136214744,-56.15367486784562
E,T,-51.93185860257742,-68.20891758889799
E,I,-44.68804639271801,-58.329493977835526
E,T,-55.45123731381177,-54.643567156668894
E,A,-45.42022195758967,-58.443628775896705
E,A,-42.29482997746239,-60.17485001498743
E,Q,-44.70009077601354,-64.51285954002354
E,A,-31.347232561951596,-53.44898707733043
E,C,32.44139318013453,-109.09815909862711
E,Y,-41.948028280469416,-47.98600693752258
E,D,-19.150488864806196,-67.59452443271844
E,R,5.7097897417729575,-121.11303628205229
E,I,123.91687930699192,-78.2975954064905
E,I,-50.23461113564358,-99.96091049347397
E,Y,140.58312319287623,-159.53305116028898
E,C,143.6141746508333,-121.44881964469562
E,D,97.36867269391061,-145.94180438470926
E,T,-85.40247523856848,52.07191305625208
E,D,17.363230938686023,-108.0464792286082
E,S,151.18280483190537,-141.93379897253854
E,I,133.35000715715168,-124.80704616599436
E,H,125.21929698596824,-107.69518954073693
E,L,145.04856048219415,-122.19964152182173
E,T,143.45931975239984,-66.59098625411826
E,G,174.27628089886073,82.83881676749458
E,T,-0.7660159760631672,-122.01519252611081
E,E,141.36325047301918,-95.29449650272281
E,I,125.08506724840406,-66.94460720678515
E,P,134.55652851846472,-63.573897397104766
E,D,-46.4286891144591,-52.057069443226474
E,V,-28.117344663964982,-49.56153711710463
E,I,-4.448712883716773,-116.01784643764951
E,K,-45.690054489965014,-42.54812163492007
E,D,-19.257470686329405,-65.241585542558
E,I,14.764484445391906,-112.29119687888533
E,V,130.66179046039687,-101.9330746907688
E,D,136.51526426340422,-159.49002111655244
E,P,-39.8285643910655,-54.23783552381876
E,K,-37.56122732029146,-122.04866021822284
E,K,134.63790254153005,-49.545187652145216
E,L,124.27053726251954,-58.52031674393715
E,G,-6.167247523963486,85.63564790319673
E,Y,165.02062381291088,-83.54309804926558
E,W,130.55161192873354,-90.46888160330418
E,A,139.46950071312764,-101.38065445018874
E,H,101.06705885597015,-71.07276307395192
E,E,-57.31373604634601,-75.68391264271366
E,S,177.24066272244352,-162.69937550379524
E,T,133.6472255500951,-137.15105914813233
E,F,143.41715739850494,-115.91504577748964
E,K,-41.26106598353238,-74.4186458251386
E,R,159.51700624592598,-152.3971125871222
E,A,164.15353411940424,-155.31224759035226
E,K,127.12781558909501,-148.82851133175325
E,Y,122.88362563552734,-116.13373126309288
E,L,-38.98972400870418,-89.26371194182622
E,R,-178.54518119405802,-173.2615834418561
E,Q,130.63077595937074,-36.913068705519336
E,K,8.717375118205876,60.49887017025304
E,T,101.587161825797,-128.86262487433532
E,Y,165.30160618836106,-165.47631920024432
E,I,152.8977676993025,-131.32640067661453
E,Q,150.83714059659385,-141.43184790334203
E,D,99.89563928930528,-107.45140653546525
E,I,138.688981657062,-89.24302728606519
E,Y,130.34689168367368,-70.80670419922669
E,M,140.33702614747622,-127.79213370350529
E,K,137.08677706618698,-128.342392644978
E,E,125.89172382299937,-89.28673413155437
E,V,-70.43400308400913,-94.78653293211276
E,D,-91.12205099134924,-103.62123554049475
E,G,-19.342956801570537,-107.23560853276213
E,K,162.3112024507338,-83.66878790511598
E,L,118.92605684276464,-121.2908407619118
E,V,174.51046297454954,-115.53856639976175
E,E,127.71313413916448,-71.77796782146976
E,G,-179.47630055403152,-113.73225391722728
E,S,171.60809522029814,-99.83327166564985
E,P,-21.448768366700754,-60.50665790831566
E,D,-44.958915871534394,-91.94695846293891
E,D,93.44143539041022,-105.56064033961988
E,Y,155.01597520562854,-164.54732784914228
E,T,-17.515969061990162,-125.9185636891179
E,D,164.75336654141452,-140.82072587717315
E,I,109.23704633078346,-124.4073253919719
E,K,124.48656407698634,-89.06698544854508
E,F,121.99221378363643,-89.45317189554918
E,S,131.4407079775731,-122.70388990852527
E,V,126.3548976031362,-121.0696560401631
E,K,126.85150441106053,-117.5827812683735
E,C,125.54448243199815,-169.22472808165665
E,A,129.973989110049,-59.892396384513525
E,G,-4.291431523417426,79.22425355450972
E,M,122.23950456733857,-83.10777466607622
E,T,161.45687422875147,-73.78350478875359
E,D,-40.14388089514855,-57.56828059350106
E,K,-41.32885868797265,-61.22602150288777
E,I,-35.91760458756357,-72.4019989441209
E,K,-33.65531771481045,-57.455831132172
E,K,-19.989620802764357,-66.55520203656579
E,E,-21.287420921111785,-80.85397204968272
E,V,134.56875592444473,-76.1628238693387
E,T,-176.78240333505406,-126.97204006583969
E,F,-26.888842178052954,-69.92918698991673
E,E,-44.59375718976279,-81.1490253923291
E,N,-9.856207790003339,-84.56735519196916
E,F,84.96796423522304,-71.05234721410568
E,K,157.33729272478735,-142.20088872139576
E,V,117.9600319461834,-62.6885524851186
E,G,-15.67911390127628,120.75834451672004
E,F,133.0257181489097,-53.26268405801211
E,S,133.3227685914858,-148.2899083868292
E,R,143.79008171716293,-132.58006634485002
E,K,61.10930689672789,-98.44434497940112
E,M,33.881518381002444,-144.64610258441914
E,K,124.24966709410278,-103.60393121580798
E,P,129.67361876857666,-68.4968528573178
E,K,138.47323467913964,-115.84637509960444
E,P,138.20696019197666,-76.56806466673649
E,V,118.74712574834884,-131.49749178879986
E,Q,124.27710028758062,-70.38288978196692
E,V,166.84939807781439,-131.00822037966256
E,P,115.77641255221155,-54.0848459785961
E,G,-39.36483333829955,111.9026703091207
E,G,-147.38046075763606,179.09659418442982
E,V,149.05264205397106,-112.1827462352498
E,V,133.28645653891712,-131.96517478100313
E,L,138.1840337541923,-76.33127132292573
E,V,146.6977309882839,-136.1184137614523
E,D,136.71656359669515,-70.58591995523182
E,D,150.77315755011685,-134.99927983194672
E,T,123.73445350699437,-76.60562035233454
E,F,134.00591592651057,-108.11736543691583
E,T,136.8325696119001,-134.90079115833296
E,I,115.9034673225278,-74.69193357493201
F,X,6.688621308273032,-105.2857428111177
F,X,9.593775371442343,-92.2862928597159
F,X,-50.729858444994555,-85.09405115431703
F,X,-19.751341197555345,-79.50652948454439
F,X,-14.238293877158132,-76.78053918029077
F,X,-36.7206899735954,-98.3721198222163
F,X,-25.323180916045466,-67.00512300384104
F,X,-53.961560522766526,-71.11182670631824
F,X,3.4749684403834,-63.23938875160902
F,X,-17.66704560294962,-116.31162043180034
F,X,14.660372348501019,-78.06242780732741
F,X,150.81388412011697,-24.836557655648036
F,X,26.860359674480318,-97.84865972396987
F,X,-7.7647084818582455,-75.70995588579696
F,X,-56.13045946374875,-72.44863324649168
F,X,-21.1724254298563,-73.33101986741765
F,X,-41.159059361400296,-77.55414389764306
F,X,-30.795749786549198,-72.67238507414007
F,X,-39.299844452734206,-65.06845766582062
F,X,-37.37379016772402,-78.49082518068711
F,X,-19.830294448483365,-61.09775588680047
F,X,-42.44246990713491,-101.80846408813169
F,X,-41.03920046406244,-59.05538811584928
F,X,-11.042428570035208,-79.7186973251446
F,X,-25.128693868563012,-87.70102807431493
F,X,-30.64382936908182,-100.09234680458219
F,X,-47.209083367129736,-86.20226052244202
F,X,-15.41380073036243,-113.48949901932207
F,X,79.06215691820525,66.69669618657849
F,X,156.97408704419368,-151.90209524769008
F,X,176.57868505274786,-70.31906414674286
F,X,119.95885653737909,-117.72316883479876
F,X,95.59125371193484,65.44578949132666
F,A,-49.182376093568784,31.541142330153253
F,N,91.62742141895072,-85.32044775155128
F,M,0.43585069296586,-67.75111717188803
F,R,-25.542829233231398,-68.90922756951133
F,Y,11.10053289828173,-123.47601085049887
F,Q,125.67734311349129,-91.88493540624772
F,F,175.38359695940224,-112.11714862018077
F,E,126.66781637511657,-149.8985076506579
F,K,139.64937780093538,-101.50116204561614
F,N,172.90643442379184,-75.32689868579439
F,A,-12.375937481506448,-74.03622316180113
F,Y,10.343539716378897,-110.10105361221093
F,G,24.679670589685163,73.401538990453
F,V,124.50214701003682,-92.53417752227405
F,V,125.60150136908936,-112.6238120054796
F,A,155.3819508204682,-137.6157642679761
F,S,155.7652145078221,-72.7618117940255
F,K,-20.88151647372554,-72.27769163868565
F,A,-49.955099573411715,-67.52092142812012
F,K,-44.389012407354386,-58.2237596989805
F,I,-50.38896409129955,-59.38015938322211
F,A,-33.4784746823925,-57.71822844961605
F,E,-49.32620147649519,-65.40800485645295
F,I,-36.657026158038164,-64.51419904262579
F,E,-53.31295420827743,-57.13783013639165
F,R,-46.33089485756816,-58.44162544665754
F,N,-47.26970841889445,-58.181591929310585
F,T,-46.23344433575178,-59.24717000404853
F,K,-53.378264213443536,-48.35854608580418
F,E,-50.77773504605077,-55.76175246294474
F,V,-34.760414421507875,-59.8646007476904
F,Q,-54.61731621181226,-62.23084627925911
F,R,-47.46486945351933,-46.9297493756544
F,L,-40.40817646913311,-65.36220087065962
F,V,-42.17182366930184,-68.19078809403939
F,D,-51.797827011244145,-55.44820722503439
F,E,-49.78161365825098,-51.39156524290448
F,K,-37.106323138571504,-66.34104429588714
F,I,-53.13965719945194,-63.12909876975946
F,K,-45.44245327604599,-54.954594527491544
F,A,-36.1812264424666,-59.83611076837385
F,M,-47.69857982899252,-70.83835747395511
F,K,-41.56488220367032,-46.71822744684857
F,D,-43.891820033360325,-81.3597805771167
F,K,-43.40225793756584,-50.17568307523531
F,E,-43.573282163922535,-62.313760852620184
F,Y,-50.87765295122017,-72.864994680059
F,Y,-54.89644772164761,-85.4859788928442
F,A,-77.7528551604437,-78.26651044990096
F,T,114.85437069450633,151.54717536208395
F,G,46.954734213343976,-83.95810428840545
F,I,101.87687348613761,-91.79743590079117
F,N,124.68342298390974,-111.48588299941798
F,R,117.62958572524448,-78.41565610019498
F,P,149.76914019001035,-64.13962271977657
F,H,152.76176110491656,-73.84750050557135
F,D,131.38600828662433,-51.85241989285779
F,F,128.37180413119887,-67.21476353617399
F,D,104.263485261983,-131.3119735873072
F,F,-31.752528466015267,-57.70935814915696
F,S,-17.500920884566202,-64.42416932821476
F,K,3.6570044400393633,-99.23511635238289
F,V,110.82730978456945,-86.6982095683154
F,R,0.06600695647149551,-90.43769506199904
F,S,160.95121554279487,-164.66765099825048
F,Y,-37.099816241621134,-65.07664393785011
F,S,-42.27328513744243,-59.95749476995398
F,R,-53.728290183042326,-59.285016208044915
F,L,-47.61855738906941,-49.58485728313683
F,R,-40.02377192496058,-63.727095864092355
F,T,-50.154405848243336,-61.3735028220315
F,L,-49.646236516617314,-59.424531500803546
F,E,-52.99747142384236,-55.87679643911879
F,E,-48.86171588082377,-62.46435013836099
F,S,-32.9674723608301,-77.98742148995684
F,M,-39.67159796280782,-59.65404980484936
F,E,-35.304413994623346,-78.32243256879758
F,M,-30.550356206200345,-64.68162398388928
F,R,3.6404871848942766,-84.95654453019065
F,T,-8.114933452059704,-91.80598341368324
F,D,127.80275123538945,-59.264633341700836
F,P,-9.714120303287146,-67.46860119312082
F,Q,29.207804961844673,-120.56813134494678
F,Y,-55.85693077880205,-58.90365787603774
F,Y,-33.90281113309254,-67.73765675106024
F,E,-37.680699316802276,-62.93629310513583
F,K,-32.684299440276355,-71.89010243275149
F,K,-40.08128345257489,-70.16339218570945
F,M,-49.36645463474684,-59.34135108850302
F,I,-42.833256016112315,-60.89228428933262
F,Q,-31.456368082680974,-70.29263337821699
F,L,-51.81208685303664,-60.572253401555564
F,Q,-39.82537594408807,-61.49512917881013
F,L,-41.578460831623765,-65.82421289284217
F,N,-42.68160451005778,-61.14333760630642
F,F,-40.71383886222927,-65.34305480271082
F,I,-43.59714404207663,-62.40151939712313
F,K,-35.138707996945904,-61.12758937456952
F,S,-42.38583268830655,-63.873707640196855
F,V,-40.78428258924287,-74.65695232736806
F,E,-47.499699669484244,-59.14908132175111
F,G,-49.692825718553095,-57.783305282421026
F,S,-18.7621718354377,-79.31377188785842
F,F,-18.978721580913817,-117.16887190834879
F,N,-161.2610575562724,64.19717447827173
F,S,118.99652342432655,-113.71728325749629
F,F,169.48573643881437,-157.01180314037725
F,D,-69.63949957786943,-31.337784800441344
F,A,-38.272927719264835,-62.83485469101932
F,A,-48.306129990312186,-63.91876405196359
F,D,-35.52915855854009,-61.961170579751226
F,E,-41.14383597429148,-62.83714548935575
F,L,-45.89592036988957,-64.25715046514664
F,I,-41.186643474847905,-59.29675713858808
F,E,-33.190215892599,-70.65924107925808
F,E,-36.57840440896516,-71.95801656287084
F,L,-36.99123263607738,-68.08684459413372
F,K,-25.18824753686126,-63.72334552933334
F,K,-7.998690993700388,-85.2169736520276
F,I,127.3039172308657,-83.16529025655042
F,P,128.18492575427067,-53.1996616924169
F,P,-35.408832392077855,-50.45027236838395
F,D,-27.650563639686865,-77.97473806280733
F,D,-29.974680674254934,-77.9467358229649
F,F,-31.876003805025963,-64.02659726436654
F,Y,-43.36865975712133,-63.66178142014401
F,E,-35.860843105720335,-72.34585465480511
F,L,-29.409835887014303,-64.18701723036556
F,F,-29.03398658289051,-70.26668649168701
F,L,0.07847867417739421,-68.18897887210608
F,R,-60.827830666735046,-106.52949290408375
F,I,-38.16999468759873,-56.376337557725456
F,S,-52.760164552608,-60.14683180371178
F,E,28.08658057145557,-76.9531470751477
F,I,-66.66290285650183,-129.1778390679597
F,S,153.04705163280636,-88.57433781094858
F,G,126.23717351747217,-2.320040316258036
F,N,70.98357970643113,-107.99612800964961
F,T,179.90554408731262,-63.67782736713213
F,V,-39.78305965753235,-75.37283463039317
F,E,-37.50519960039861,-70.08163990475538
F,N,-37.9602553818958,-61.555910237546925
F,V,-42.71656750580418,-73.53091456215587
F,E,-32.959917365183216,-64.09044513364287
F,G,-45.65059667398384,-60.27531504571148
F,N,-36.062984880572,-67.34150181683057
F,V,-44.40523427867583,-61.82724890982808
F,Y,-39.78452277120113,-63.08934566236847
F,K,-49.19952910077601,-57.10460262563554
F,I,-42.44246703297645,-65.93888365571215
F,L,-29.76106988859555,-61.40948639305875
F,S,-26.393285965621395,-70.88118598342595
F,Y,-38.86659981498984,-76.84990855933088
F,L,-31.042259482955693,-65.67413999874985
F,E,-45.93523152782485,-65.1757972862181
F,Q,-29.792712772144732,-67.62164786900495
F,Y,-48.903479609996104,-68.87178363512989
F,R,-25.590815159977225,-64.74229933374451
F,R,5.073301825945557,-86.23478261303306
F,G,41.771391009479466,76.51389780525383
F,D,-5.240313191285641,-88.25749763678031
G,K,164.03207816920656,-82.9097427978402
G,M,137.13690828322675,-130.0116024128881
G,Y,141.53424162833687,-127.64611859034349
G,S,121.31449536478115,-94.05511590834946
G,C,153.5488188847584,-123.85705751879155
G,A,148.91728435347264,-151.90205386992378
G,F,158.87298426384993,-114.82379166979081
G,E,135.3293326686794,-127.18659519640244
G,T,163.25873897286655,-133.98000366274968
G,T,158.26606419663602,-83.73359718237984
G,T,3.3861054558888193,-102.05314290305925
G,K,129.1447478934617,-89.45973905080255
G,V,-42.63163806927793,-54.64547660324463
G,E,-24.21142962800584,-85.65069328204049
G,D,89.7666540420817,-130.2898038597242
G,C,109.69802158218732,-127.35081109938129
G,R,165.82510661940526,-157.1838342010256
G,V,121.8890537327089,-79.74612823693171
G,W,-15.979116806643054,-102.61728243071046
G,A,141.03814142305748,-151.02722767438223
G,Y,153.21425146645893,-132.9893627915007
G,G,134.95828367101652,-146.43333270043806
G,Y,150.4056171619866,-130.76665347806886
G,M,132.24884977069215,-145.56117264989837
G,N,114.95328233777397,-63.94202931528681
G,I,-29.122382574611922,-59.9811074727096
G,E,-20.28879656346232,-89.45958060436925
G,D,93.84008284804655,-146.44953299903784
G,H,-7.543053430502435,-67.7592176368699
G,S,-12.950944190671422,-76.61339689702753
G,E,98.82108933337672,-100.33143694698484
G,Y,160.257184126056,-146.92716577465737
G,K,137.13556312048325,-146.10325457463028
G,I,126.7676772586276,-128.07748163397562
G,G,-178.9884426666483,-139.22406326233153
G,N,23.278227717064194,-127.6183884265099
G,S,129.28067342499585,-135.68766741901723
G,L,-39.212437412450285,-65.73494861317636
G,D,-38.476966140786445,-58.36974249986537
G,E,-43.688698719565096,-63.87935979241976
G,F,-53.2830931182712,-63.8798838586752
G,M,-31.625979151635605,-60.29769987709693
G,A,-44.84310490540062,-60.81191402132887
G,W,-40.7620565834919,-65.49409283873325
G,V,-44.24524349427685,-56.39298892701613
G,L,-12.319907845688821,-73.24228586809778
G,K,-40.45021773661746,-98.36109046233643
G,V,-24.76797285482365,-66.94926808521761
G,Q,52.347746656153625,47.48583177130326
G,A,-176.0873374824894,-126.31764608893124
G,D,124.57989145287276,-101.66915378182043
G,L,136.02382247094576,-113.38710776464553
G,Y,124.00830578523731,-116.21685076899816
G,F,139.76326464195958,-109.47865681484588
G,H,103.00800288011817,-85.8838312075911
G,N,77.80274258426802,79.95967533420118
G,L,-33.06767669974841,-67.38400027773739
G,K,-43.1982469599437,-42.43289985152165
G,F,-64.81215213715444,-79.79802297143105
G,A,-44.17934424692639,-57.21778244638362
G,G,-34.13022295624166,-51.99775746184215
G,A,-36.11410254845354,-61.17274024846396
G,F,-32.472509953760174,-71.2419320531503
G,I,-56.95059348204804,-70.56380960138544
G,I,-42.62337404056573,-49.93685398931576
G,N,-36.59904381661051,-59.320331363705485
G,W,-49.47062384846372,-74.81743590157022
G,L,-48.12695267691612,-50.029867951740336
G,E,-25.709551219265183,-63.452366521308754
G,R,-0.2741963566634737,-92.17586138618448
G,N,43.14420994253089,-130.03898492100035
G,G,29.002069532411493,70.47784745840184
G,F,135.0706050078333,-111.30457384541788
G,K,156.91300106315975,-116.17103722577669
G,W,132.07336085350116,-77.01003926780668
G,S,133.31362872066362,-152.72939014634787
G,A,-17.245782132636048,-81.82675524663568
G,D,3.13916930779426,-88.51589630779968
G,G,46.41033710668232,58.09354412999253
G,L,160.88540382358238,-77.21469877521211
G,P,141.89067919995293,-64.71688577575189
G,N,35.14101985954296,59.33415139551183
G,T,166.88067636568016,-128.74583750344277
G,Y,160.7157616137506,-133.87116320408217
G,N,157.34135905973181,-128.91118675005802
G,T,155.83105862688518,-134.1932974623191
G,I,107.16548664915157,-114.98287700415239
G,I,111.70313780804922,-129.56560102092507
G,S,165.47220985458497,-71.61159072770909
G,R,-39.65437602624704,-45.456273640257265
G,M,-2.586957701561943,-74.65558715712925
G,G,26.759248808104104,75.39918598798585
G,Q,130.4182848521885,-86.09504099510656
G,W,132.05016265449456,-87.68450470809634
G,Y,-32.47018474288811,-113.43540590197486
G,M,137.32091777260143,-166.57217770868144
G,I,122.801418796043,-119.90975319222467
G,D,101.39341186812159,-114.50897656024354
G,I,117.02853867325429,-86.35628547762384
G,C,120.41732340323875,-107.0076268867213
G,L,-40.828639878268554,-94.12711275222777
G,G,-162.08256725131187,168.689428714624
G,Y,128.6731281521142,-133.65193096979726
G,K,111.79756588223867,-111.01977112129089
G,G,-120.52169501464154,68.55058500486055
G,K,-10.105900588448298,-106.91885280197239
G,R,119.324781239781,-68.56131851294676
G,K,128.20764487299894,-76.8682529910475
G,I,109.50191793510437,-95.05444430160217
G,H,158.92956124030601,-154.67561052563485
G,T,125.42241433968712,-123.67652639778306
G,V,134.82040355889953,-105.3007871117041
G,I,124.4988072103969,-113.8833916405085
G,Y,168.53261147706695,-114.12214516692626
G,D,109.58494358936905,-103.30973712240542
G,S,-12.935187894295591,-68.36530753152942
G,L,-22.166931056376384,-69.6388552790525
G,K,-25.764588615180234,-80.40352381029766
G,K,-35.89597055501035,-84.04368157331274
G,L,85.15972564264372,-133.8300644529321
G,P,57.11987865045406,-72.60457585567285
G,F,153.04050052696127,-145.93245969892166
G,P,156.00709286907588,-72.81483529967986
G,V,-53.888639996348324,-44.943680389644896
G,K,-53.302976592105594,-55.358765443715974
G,K,-43.13319416199418,-50.777641781533504
G,I,-57.02141955396369,-61.12282849552435
G,A,-45.58569109718294,-49.71181051491719
G,K,-54.86827907919549,-59.742672312640046
G,D,-25.9181183288752,-77.91187181789748
G,F,6.200706783491533,-89.78611112211188
G,K,48.64049185494219,54.537486384413036
G,L,152.3899845644554,-110.65629893679062
G,T,126.39246214191621,-66.06650636843797
G,V,127.59205118538814,-135.4696131270409
G,L,136.7576875498125,-73.40917348172118
G,K,153.855159810357,-65.71028108040684
G,G,-163.5316998192927,78.9673421975252
G,D,164.06437581864242,-160.4425159322754
G,I,128.93818027746096,-63.241203093694544
G,D,100.19665604023571,-75.33885033927713
G,Y,-2.740851177346906,-79.0768133740522
G,H,43.74237251160531,-96.07416631833509
G,K,132.2158643817195,-135.33329717250336
G,E,126.44678583903797,-81.51069490180684
G,R,94.52994006167589,-130.71116535048736
G,P,165.132384697818,-65.81673651029573
G,V,126.50627749819374,-54.883961817682575
G,G,12.357998158314688,88.34403606629031
G,Y,135.35074315252095,-53.9203112885386
G,K,120.86490704372146,-93.60510174872311
G,I,127.530197070347,-59.387555553013954
G,T,152.94840660476748,-76.16310646098336
G,P,-34.37639833364501,-52.70522183515854
G,E,-41.00871110769582,-70.35864800733323
G,E,-40.76912445943342,-64.74849641187977
G,Y,-43.18246859948598,-57.41268401945279
G,A,-42.981876959347275,-60.350139470072676
G,Y,-49.04933694531275,-66.47297314153275
G,I,-48.76861105331717,-56.96846463526181
G,K,-47.87325536910059,-58.420155868211616
G,N,-33.90969170963406,-59.596081062508325
G,D,-46.79459593441324,-69.49499647725625
G,I,-35.30160920758143,-70.12701928607032
G,Q,-43.5783776136552,-69.21079766422568
G,I,-44.34058564875845,-52.13554980482329
G,I,-41.713084630691945,-73.08428954869719
G,A,-49.369446193421574,-52.165379324675136
G,E,-43.525214876158394,-61.48380813797563
G,A,-43.394097529271356,-70.95031852654495
G,L,-40.142682083632764,-64.10202454315146
G,L,-44.33876864725023,-62.4806716656568
G,I,-38.0632305448703,-59.287373963780794
G,Q,-48.060728915463116,-70.00489276961815
G,F,-33.3189257020829,-58.684150452404715
G,K,-17.030319672482243,-69.85685238754952
G,Q,-0.018476250027194805,-87.61690184638556
G,G,20.263334165730345,80.92619645037016
G,L,88.51301379891623,-91.18343367701861
G,D,-32.86942649825776,-90.3877805810854
G,R,165.3801475464411,-56.679678493196974
G,M,-37.351870433674954,-65.66822993337308
G,T,157.69319331798428,-123.5151618856359
G,A,-36.2573041418209,-59.92277641931054
G,G,-39.56213528243405,-64.84794183917604
G,S,-42.8404994965458,-66.5046797283741
G,D,-43.83746417500154,-58.96176809644382
G,S,-54.363428139679954,-60.15643622110079
G,L,-46.51686689406869,-56.130222260764775
G,K,-45.84754266334226,-56.792426244343325
G,G,-42.29486677041989,-60.579687088628354
G,F,-45.98501968998779,-62.237415805378575
G,K,-39.18098609382255,-60.86749866674961
G,D,-45.04722281044619,-58.46072674960745
G,I,-51.2031226206859,-70.57775270276555
G,I,-43.91036209279853,-59.19140529995267
G,T,129.58645671444654,100.5181264257893
G,T,-42.799890801216876,-50.08812496931015
G,K,-54.85806150807751,-54.121546998470215
G,K,-41.8563059532591,-68.04380444372602
G,F,-51.41060373647329,-51.02008687907009
G,K,-24.23974734388078,-65.96650416618465
G,K,-48.749382549674316,-81.43015984794613
G,V,-28.471341211019563,-78.05960279938714
G,F,75.1201951613538,-119.83146211843638
G,P,156.62884233316103,-72.80629918295315
G,T,126.23009753897944,-81.14044790897356
G,L,158.3047517588404,-88.30063208490874
G,S,147.0229097036925,-63.574048364276855
G,L,-37.45233839410655,-48.948878241011215
G,G,-45.464350421004205,-61.29919403635984
G,L,-45.03087860043895,-65.5246136256908
G,D,-40.75159309880681,-57.350917918876085
G,K,-47.993392545911526,-59.97177576776718
G,E,-48.03966730258596,-61.07783472764371
G,V,-47.49300975512432,-54.78113763039457
G,R,-9.04301421477414,-72.53612869587518
G,Y,-19.956451831656985,-61.811476438786826
G,A,4.456544670346171,-99.80163203904455
G,Y,124.39412612930992,-83.05498128985101
G,R,-29.798762487432263,-118.21445171727905
G,G,-127.73920566623525,93.45133264458117
G,G,151.3936313809841,-111.707272506447
G,F,100.08648332250868,-85.44963122910274
G,T,113.09573806084099,-116.74283118778736
G,W,135.28909107249368,-147.2698492919704
G,L,134.44235851914414,-108.47100809960885
G,N,123.32929300519015,-72.67178487422457
G,D,-40.26987251536758,-49.87057180754976
G,R,-39.402204900346824,-43.37110200492899
G,F,-7.165711908310245,-102.9811059983139
G,K,130.7500139127284,-54.489693834247994
G,E,39.70364632881262,51.507192105486105
G,K,135.47668272610056,-130.23337086433216
G,E,117.3145392217012,-75.92149167370059
G,I,168.5571347275614,-108.07882761130733
G,G,-130.81751469972772,-89.64522293044996
G,E,140.69989152417628,-72.14131297340208
G,G,177.80669545913702,-160.03725697267754
G,M,158.26456092724916,-145.7781622258151
G,V,138.05122042935463,-118.09905142156013
G,F,139.7257575321522,-121.87515683889265
G,D,130.665379338001,-130.97010287104817
G,V,132.22716746187973,-70.82106293331194
G,N,108.02131598314199,-73.42123212580557
G,S,68.42468335904381,50.27823675218738
G,L,-54.109502534478224,-46.74411400240406
G,Y,-48.71377094571713,-72.60298793895342
G,P,-31.798662981388578,-59.47731258477128
G,A,-39.27968721559785,-57.25041462091714
G,Q,-40.766219798295104,-72.44872547974647
G,M,-27.17190898729441,-65.97534359357617
G,Y,-37.29590561103912,-78.18920582325804
G,S,-19.70195506497984,-135.0590825941663
G,R,158.48657777491857,-74.42441768108402
G,L,122.10838871040228,-79.11996758607495
G,L,151.9465553898242,-129.22870877653205
G,P,148.60789328397092,-75.85319938956115
G,Y,167.37086115579748,-151.51522545577635
G,G,-175.3066602573899,70.93025320852135
G,E,127.80616626848357,-69.19915928647022
G,P,163.00261817998447,-76.29227637622779
G,I,122.3785223235286,-118.98218002012459
G,V,134.5309080489549,-77.49029746253036
G,F,158.83287990104978,-130.1905212095305
G,E,150.22532955631286,-95.76178444926748
G,G,-147.15803033069332,64.5005211407514
G,K,140.83683394249937,-78.88230032297542
G,Y,135.6394012959676,-65.9417746966469
G,V,133.80721997762143,-110.73342849902772
G,W,128.2063801392992,-47.339074288246245
G,D,112.5312160331728,-135.93160965549723
G,E,-26.072013636976003,-64.1300733463979
G,D,-19.549568849831594,-81.14338497762859
G,Y,69.63553486516328,-130.95421111063
G,P,-7.220925230097113,-82.66888994010625
G,L,150.13785107914697,-108.46136949107195
G,H,157.7076786013609,-158.85172616890372
G,I,127.48240611185373,-113.80001614054335
G,Q,124.5794407825647,-114.72055542598375
G,H,128.49140877581,-85.14790243929683
G,I,141.58271190272538,-143.359645318374
G,R,143.95683606846745,-112.65213231359222
G,C,179.8263686971281,-178.0868294505113
G,E,153.37475257366407,-121.16861073235818
G,F,157.3548497034014,-147.843051363589
G,E,132.38774577328545,-135.52856165761577
G,L,135.66452379007518,-64.90368493954162
G,K,150.21436199472996,-73.94305199313091
G,E,138.00781106324158,-65.43676195638855
G,G,13.904021406148281,75.05106616570822
G,Y,155.55540964556738,-113.72506558941997
G,I,138.17743858182686,-82.99415603753972
G,P,146.85936487249404,-69.02631237345727
G,T,-30.938285612917724,-132.6534895223108
G,I,135.5030063254222,-89.63216758256479
G,Q,120.2708877863394,-130.89167473017287
G,I,123.6855014795994,-101.52408258902726
G,K,-52.962173184428885,-92.72913606910839
G,R,36.51642372029767,-109.70697783456986
G,S,153.31487603416844,-104.71188128605577
G,R,-28.592368816283237,-71.60932335519375
G,F,-33.20992894083727,-94.36189841997157
G,Y,158.02815226679095,-97.56522069202833
G,K,124.66153569238823,-88.83181605028683
G,G,-24.26200259801166,-71.96030195922877
G,N,-16.35175504747272,-79.95936594033134
G,E,145.43160100036152,-118.63305194696613
G,Y,134.57936504792798,-80.44203273775584
G,L,131.51201314632797,-99.51190335730053
G,K,-22.41168475715428,-78.66200996749605
G,S,167.46352080428892,-147.582229173593
G,S,-19.090882357903048,-81.12282605662591
G,G,18.855907854448642,69.78578521204089
G,G,9.232012745102038,82.62267480366752
G,E,168.38826767099124,-115.21687973951775
G,I,128.2234885329059,-96.40511536519415
G,A,142.06488918348745,-79.97837667992866
G,D,99.7047808906647,-124.82233399767523
G,L,142.92380304721436,-124.01024990054745
G,W,111.29405799700858,-107.55888963299154
G,L,139.22814995234808,-119.48602696157772
G,S,157.20194266869697,-67.39255682061196
G,N,-35.14315643368112,-62.42724349858708
G,V,-51.35854809759572,-55.86880644421596
G,D,-47.927468383944465,-59.638538775906596
G,L,-41.24614543850557,-62.26573590925654
G,E,-37.46736386342921,-66.76499344984204
G,L,-38.30117533332462,-69.59270801404507
G,M,-46.0560365462688,-61.91099139259896
G,K,-27.42553013952761,-62.5997221121885
G,E,-31.258595675962752,-81.16175635923788
G,H,-17.98136284444545,-94.30501531098568
G,Y,152.2171119740744,-127.23483788605581
G,D,114.64276133941404,-87.37673561281085
G,L,142.12252725527347,-90.36229450927051
G,Y,146.52293435966908,-130.10001360797654
G,N,51.56125435819549,45.63567154886525
G,V,131.26875818929088,-71.35370565151243
G,E,120.70605863827896,-121.92879709123963
G,Y,108.14197101320666,-96.74078208582921
G,I,-54.685426429064584,-84.79599614515234
G,S,178.21092254056114,-172.930756494384
G,G,-169.62086010015327,-166.74805477410902
G,L,127.93991168524833,-140.82486606972225
G,K,150.21679197943655,-109.57187215266376
G,F,144.29930822333125,-129.99801606363195
G,K,152.11757982065077,-63.99467709792944
G,A,150.22190062070356,-139.94664101904633
G,T,163.94810904268937,-151.23436355832925
G,T,-2.318744751697216,-116.18361619642151
G,G,-15.636035216084688,-85.95450339290069
G,L,-34.47508650803269,-51.393967044136
G,F,-4.270687264649874,-114.048084885593
G,K,-48.86003719972844,-56.68039810109464
G,D,-51.28972647609035,-54.36555317429412
G,F,-43.38443266484182,-63.27047885569941
G,I,-43.64921749025894,-68.24224373451945
G,D,-51.59273327834584,-56.37212596704245
G,K,-49.01016050782762,-51.487511188681246
G,W,-27.41492533361401,-85.54654127421524
G,T,-40.20004091861361,-65.95099139656514
G,Y,-61.6172389654383,-56.07257318413278
G,I,-40.85694660525683,-51.018151721210124
G,K,-53.939709549844146,-55.30244880349405
G,T,-24.006477068930952,-78.78323404735622
G,T,-17.19429062953276,-83.41705008797813
G,S,176.59202072302475,-126.04668458926683
G,E,166.6110294736405,-139.68864618583447
G,G,-136.09142237577998,67.87802968106425
G,A,-55.13327500960283,-51.52855332917204
G,I,-43.282743591765666,-54.6086809044379
G,K,-42.13448594817061,-61.31049069919536
G,Q,-38.717945548783376,-65.93065313011397
G,L,-37.038254936424515,-68.88757108465167
G,A,-40.4985945327947,-63.59160383376264
G,K,-52.92589363903429,-59.0238732440678
G,L,-49.26969981744065,-47.623199434357346
G,M,-41.193278775699575,-59.724399032447096
G,L,-31.866353488215655,-73.26687229799984
G,N,-14.90716243628266,-94.16143359104554
G,S,-12.84487380676867,-93.66544768598436
G,L,-54.98352917043916,-68.49922594571447
G,Y,-54.80634316463115,-41.21564836532442
G,G,-35.29254644388135,-46.131247105462485
G,K,-31.2315609769353,-65.39193786213738
G,F,-20.921393205726442,-77.72444651469006
G,A,55.954263960797164,-114.77198720656523
G,S,156.24672590989303,-134.36316449491335
G,N,164.36641747545076,-83.16709273726433
G,P,0.43832011348942446,-85.663743344397
G,D,119.00642804170198,-79.24833777131781
G,V,23.650129309359098,-125.03289881715685
G,T,130.699688994231,-54.12866936450615
G,G,167.9719975233374,-107.41774066224917
G,K,144.73728326013907,-98.34123984061185
G,V,121.02537322184483,-115.79427135213216
G,P,144.54272270035935,-79.76704772576998
G,Y,158.016347535875,-142.4371839762577
G,L,121.38056168126523,-82.37233916638661
G,K,165.1684606891699,-73.02976235485717
G,E,-50.74595460274301,-51.7288870776769
G,N,12.89433705704296,-89.71579514526785
G,G,0.5632871261846819,96.09119163417714
G,A,179.98655659934207,-92.26401274617548
G,L,136.9647029424563,-93.68712079526465
G,G,158.0543081602398,-119.81085877765983
G,F,131.04498531748692,-133.61163593833749
G,R,139.53288232231085,-116.25764606819936
G,L,132.61657693709756,-59.51603225349831
G,G,-160.55484426287424,-88.71303201056071
G,E,142.95332109902256,-62.92053528030441
G,E,132.35587565449418,-55.377314289139946
G,E,136.89979474956516,-146.3404538380118
G,T,137.20556995043745,-126.42151939910143
G,K,140.09566465651687,-110.66106497487898
G,D,135.75987751518898,-53.77118426089429
G,P,159.94272867995815,-76.91345263058376
G,V,-61.4885195990283,-73.3086678167654
G,Y,93.57397997647934,-177.03032634544766
G,T,-32.32334151064019,-67.23860250165495
G,P,-39.14664262279682,-50.775850955410654
G,M,-48.32582543513582,-59.7895729941255
G,G,-59.60423363972489,-49.522160638363744
G,V,-49.93849150709936,-49.753300752865144
G,F,-33.32437597940207,-76.89206956422713
G,I,-48.794788008949475,-60.84041903097326
G,T,-32.601910996928304,-64.33456337561607
G,A,-49.27520523351643,-65.94733244449155
G,W,-41.35467209538666,-60.88074750398037
G,A,-44.1475421542724,-58.04185119262086
G,R,-47.87507260269488,-60.367369617504224
G,Y,-48.8687921357824,-51.98700811288742
G,T,-52.36642514938526,-51.4322095279496
G,T,-50.226584710161966,-74.14757662462682
G,I,-43.840090403290404,-56.70527867198328
G,T,-51.5778891880166,-54.33865626076343
G,A,-44.020878335673636,-67.5009693678225
G,A,-41.61795450752073,-56.71203582045593
G,Q,-39.80249114471754,-68.36968550827176
G,A,-22.12170905494931,-60.365891645160275
G,C,28.75862370196813,-110.84615819970064
G,Y,-37.11092091505056,-52.93002845399272
G,D,-13.64970084393095,-73.12465251500917
G,R,-1.3590137467911387,-125.59476135173087
G,I,129.1462313091999,-72.81176095409558
G,I,-45.783431403205206,-108.92710342282211
G,Y,143.0250754468034,-156.8824036524601
G,C,142.85450750239124,-124.36097934492597
G,D,94.03810058837303,-142.94054864506685
G,T,-72.1657562352227,60.0283362669616
G,D,9.371303977366654,-120.8248110146293
G,S,150.26122395236845,-125.14800515203133
G,I,133.3838702737727,-126.54996307592045
G,H,125.14876522369383,-113.93025368772102
G,L,151.39675006361426,-123.31624873368642
G,T,144.66176167242764,-69.00403968636068
G,G,175.6940826111862,88.95581992309137
G,T,-2.955507669624734,-122.85159045156632
G,E,139.96867636416934,-90.64780675760063
G,I,122.75908494443044,-72.4780848231392
G,P,132.7169389432861,-62.29203755706953
G,D,-46.2850117297722,-50.43169865715576
G,V,-21.536152935672288,-53.41595886594543
G,I,-2.444178122392842,-119.74201828323211
G,K,-47.51806316839119,-46.14417762366456
G,D,-21.34817028515301,-59.95408432096111
G,I,16.673669487663755,-114.67862228111925
G,V,128.5428631611628,-100.60895953147262
G,D,133.69769747348113,-155.99991849622032
G,P,-36.70755646865081,-53.95985373703614
G,K,-42.19888042221627,-122.31243499602658
G,K,131.06029454980228,-48.56655362231685
G,L,129.3086873803806,-54.44844847483918
G,G,-20.59863792084316,90.1968022686424
G,Y,164.23105098197652,-78.58677535108686
G,W,131.3825123259051,-89.2046550790281
G,A,136.88343213256857,-106.51129526910397
G,H,104.48674302998654,-72.24519770468649
G,E,-54.10940181400937,-83.8320640758728
G,S,165.05745298163734,-155.88316166768388
G,T,125.91826575028806,-130.97636199373892
G,F,147.43597278876285,-108.81774442108416
G,K,-41.859589646617536,-78.89023670751129
G,R,155.33827084512444,-151.9430379488223
G,A,161.7227698390129,-150.57602924975538
G,K,122.96240006262956,-145.18698085927159
G,Y,120.78779261475066,-110.85738670081554
G,L,-38.67790934404118,-86.38686416838702
G,R,-175.02648570338528,-175.56045069211277
G,Q,134.59456071547905,-46.06518379710824
G,K,14.721215973455239,58.031041069418656
G,T,98.79405143963704,-133.07582817862846
G,Y,166.06188864346746,-163.04023847075672
G,I,150.27478903234444,-135.34866306254122
G,Q,152.74272124531288,-140.23217450718928
G,D,92.38990657730459,-111.84921168058891
G,I,138.49718939362634,-80.19843753849669
G,Y,129.51184404601528,-73.0604490036371
G,M,144.58489562147443,-126.21021681326572
G,K,129.99627074697204,-131.85929602789582
G,E,129.71569703189098,-80.5283019499237
G,V,-56.57367731156011,-106.45250784686849
G,D,-103.02602014718637,-115.38695029412918
G,G,-25.306128992162755,-96.65183662986259
G,K,168.73719440422568,-82.02432798495522
G,L,124.9470058270592,-121.5595957561297
G,V,169.67843489829167,-125.66537225357409
G,E,121.96648758438924,-63.90982562052807
G,G,176.06475724243543,-111.84370896927835
G,S,172.23895395447389,-96.72341629648625
G,P,-20.256112441450156,-60.466850171559315
G,D,-44.6232029267872,-95.54127630749824
G,D,89.82425168806544,-99.69324672670325
G,Y,151.35432845260345,-164.7568572343965
G,T,-19.530054606105434,-124.65206076808094
G,D,162.08581470143858,-139.85490724917292
G,I,112.69820979626266,-119.08895209501793
G,K,125.82791584633006,-90.22793730841904
G,F,126.92496519667984,-91.4340601889969
G,S,125.00995529276078,-128.13238750465968
G,V,130.5215393253782,-114.36040280409867
G,K,125.08078816019234,-122.19169598184048
G,C,123.60538195915211,-166.44982301172584
G,A,128.74932351975977,-58.21612029098261
G,G,-8.791571877171148,84.53951518448139
G,M,122.21087345576058,-78.84254080944574
G,T,159.46155148837724,-78.4002002786909
G,D,-42.188797418696204,-52.82147977778678
G,K,-41.279401267081276,-59.861090159377696
G,I,-36.89017362936192,-71.26748345469699
G,K,-35.40020561378772,-52.60203514235358
G,K,-24.87424701023753,-66.4904899630654
G,E,-23.48838672138887,-77.2862302753557
G,V,133.73719714629152,-70.07409806045425
G,T,178.79676902235943,-127.74184229101967
G,F,-20.395245025299616,-73.41165198200191
G,E,-30.038062990127266,-92.92144005942941
G,N,-3.1547756640886297,-95.10173993343511
G,F,81.97821491936017,-76.41685541862084
G,K,159.1427785781533,-133.17858654251899
G,V,121.89424141768782,-60.388727166459915
G,G,-14.001234355608695,113.54349578070017
G,F,129.29366508167612,-53.66211709197603
G,S,139.06805254576958,-139.89040761320942
G,R,148.36537267333202,-139.506388107728
G,K,56.58268844587264,-101.0604202518975
G,M,39.53182704757736,-138.1149335127622
G,K,117.08648388336691,-104.53897984280633
G,P,117.6798822379476,-66.23761538385261
G,K,143.82759026201114,-104.0183439943619
G,P,132.2371690142673,-82.8134116650653
G,V,121.36032371342921,-123.55658929479736
G,Q,115.84222857270714,-76.33285344754277
G,V,168.33768562016277,-124.33487142754426
G,P,108.46628710927615,-58.24193780421186
G,G,-36.35475078787454,123.32869014959711
G,G,-141.50339354107334,178.67168398472452
G,V,146.2075650481759,-120.07784145763674
G,V,134.35375131837495,-133.1314824483879
G,L,134.9668575178557,-81.3512897940161
G,V,141.818913124098,-132.17505474194135
G,D,132.09577994321347,-59.738467813610804
G,D,151.30084050136443,-133.1900397504107
G,T,124.61599155744364,-77.1401390714314
G,F,134.8985128190168,-106.22359897273061
G,T,139.15125738633915,-136.5428590419809
G,I,112.67883263505769,-78.4916329508781
H,X,8.209071924998895,-109.24458198834186
H,X,2.9914592506275093,-89.25299957507922
H,X,-53.56516008018948,-79.18928393200407
H,X,-18.38178807220275,-78.87750569012273
H,X,-18.88002309781842,-72.18969450503587
H,X,-35.95334867036996,-96.64416022999369
H,X,-24.326938483314198,-65.63009234592829
H,X,-50.799615567116206,-74.92663639184201
H,X,-2.6879033819181806,-63.500086238883625
H,X,-13.735401360933203,-114.41153429641457
H,X,20.361589072464064,-78.6685745908258
H,X,145.07603929452858,-23.500221904289766
H,X,19.449167143446978,-96.3501582459404
H,X,-7.073024463375131,-71.19244777534485
H,X,-50.98138636772674,-75.30553180168425
H,X,-23.342224572602202,-77.66526750063063
H,X,-42.02736015009669,-74.58517962532831
H,X,-26.809288090446202,-71.08138861556911
H,X,-45.274860562971355,-65.49272721770672
H,X,-38.94285098987229,-72.97688624173392
H,X,-19.122244311680877,-58.942490370386075
H,X,-40.23756538687771,-106.39501664915406
H,X,-35.119854086364754,-65.98674946827569
H,X,-5.753632513259752,-83.69012806841997
H,X,-24.252008770490043,-93.90496301411152
H,X,-19.084067995164656,-104.72565544470211
H,X,-48.24065118483141,-95.9151835838373
H,X,-4.507914818374257,-115.52509013488591
H,X,77.09223204411447,58.94817184830324
H,X,155.751630856704,-148.10535570828034
H,X,178.05696809788478,-70.38719404477051
H,X,113.09695203203864,-117.79867068068896
H,X,102.32360833029425,60.22021199534348
H,A,-52.14793165331083,32.181843765489965
H,N,97.85618854071097,-84.47346268360592
H,M,1.9419472401114635,-70.65174115946499
H,R,-28.79155400244267,-72.39706955817948
H,Y,30.609175066541923,-122.23484022370809
H,Q,122.08882022557631,-112.08011039472179
H,F,174.16281351517657,-107.23327182935277
H,E,132.3263907673046,-144.5852574587724
H,K,134.3091536057108,-104.51636485990971
H,N,162.46477262226352,-76.61762872115888
H,A,-16.116883595297065,-66.9133076665807
H,Y,10.684738570964342,-106.09960522667299
H,G,24.367940091145467,73.42827704575748
H,V,130.6257634281063,-87.03202999826031
H,V,129.805995831005,-115.26385840511574
H,A,144.12506708394994,-148.89104854472356
H,S,151.92165166137755,-65.27942398315555
H,K,-33.503716466886516,-63.13208268846866
H,A,-50.11359374441746,-57.62897872139416
H,K,-38.36748149384803,-60.71730792554891
H,I,-48.93004146527371,-62.93073107083191
H,A,-36.15092305951455,-56.27805980597622
H,E,-49.37058961597221,-64.06016101546466
H,I,-33.07433818766493,-65.93892573167945
H,E,-52.5675655489743,-64.8038162238533
H,R,-49.402203528198775,-55.346536306134965
H,N,-43.04329898914242,-57.24891549718146
H,T,-43.16938899116508,-61.937354376177446
H,K,-39.653938696214944,-60.95966681846374
H,E,-43.60015898797385,-64.68776864698275
H,V,-40.04013520642343,-62.4115733468633
H,Q,-42.816459364173326,-62.61288743321319
H,R,-49.83337065222964,-56.06191976977366
H,L,-39.31797831512418,-64.09826706747036
H,V,-47.447002968753246,-64.60256379710366
H,D,-44.18984677112899,-57.92241792638084
H,E,-36.724940569319045,-59.9861098274438
H,K,-40.19272664022657,-74.54957713460736
H,I,-51.12621445635612,-64.16728327046575
H,K,-48.868863018442156,-52.696871581305714
H,A,-22.372520356841317,-61.01951928516316
H,M,-30.901102377129174,-89.41819028925526
H,K,149.19011513671185,-52.797241241855886
H,D,11.132894257487813,64.47024420751136
H,K,-29.47855441912716,-80.14137433085799
H,E,-30.806159746813673,-64.89018797213552
H,Y,-37.1278206880117,-90.53691986430383
H,Y,-50.980111668644966,-97.71901146957383
H,A,-83.54657155990046,-65.568032788931
H,T,137.76882839348247,165.35295379364356
H,G,35.797744650819354,-94.86994139763544
H,I,102.40434159146325,-92.53552776193725
H,N,115.79326415410748,-110.91303705766659
H,R,122.15241588725564,-72.5592120897037
H,P,157.33919771142726,-72.45361352389769
H,H,147.7902042004137,-82.48675979251513
H,D,126.26242319407268,-46.99659657977415
H,F,129.0525589519126,-64.16971815907048
H,D,100.57928909709888,-132.05640230807427
H,F,-29.753279921890265,-59.48165332472814
H,S,-18.57538113141649,-61.58880073722171
H,K,5.469157529215375,-101.15152658233407
H,V,97.27907171924011,-88.80587410076346
H,R,3.8735170726231782,-80.70585296336338
H,S,166.02908208374785,-168.8958509881627
H,Y,-31.335667320659624,-70.62888634326144
H,S,-34.95899536147855,-65.5154957563804
H,R,-49.69391545975006,-64.780493965216
H,L,-44.0396289631263,-59.77089589961242
H,R,-42.46557216639168,-65.03607532979035
H,T,-49.142517588969575,-60.25249843602555
H,L,-45.417887787207285,-61.48257461683871
H,E,-49.67242230927442,-60.42500719052067
H,E,-42.66059937324417,-69.5651961508213
H,S,-40.5896401934875,-76.5895632149947
H,M,-32.72390696601495,-59.96042237295829
H,E,-39.7127809592521,-81.6413838715627
H,M,-36.70107556803335,-54.22268484137676
H,R,-4.822014512797275,-80.50525880905228
H,T,-2.2816394798701323,-85.9142273811557
H,D,127.61991652956195,-64.44286030519
H,P,-9.558031589732707,-69.19937793635494
H,Q,27.923555014493246,-119.463064805331
H,Y,-50.899196122258466,-59.948558803443944
H,Y,-41.579373964699215,-68.48602956651457
H,E,-36.37276709498449,-61.44670447732918
H,K,-38.14989544358998,-68.98727578128977
H,K,-40.11359548909314,-65.0527174428974
H,M,-40.38864208321985,-65.09227660542436
H,I,-42.316375583834954,-67.53711196960086
H,Q,-37.72044017750758,-64.67112978741031
H,L,-48.37916238225898,-58.745774944041116
H,Q,-38.99711003889186,-62.470369773207985
H,L,-44.44362078588095,-63.509361039550335
H,N,-37.63451260965101,-63.776248825106215
H,F,-44.277379647378666,-67.41793063536996
H,I,-43.301742833380686,-62.71376548183347
H,K,-38.590325151400684,-59.252459577318824
H,S,-40.601878059489586,-65.58021876714461
H,V,-42.93559954613251,-69.01463420909214
H,E,-41.18234556185574,-57.49750246118611
H,G,-30.90351917265384,-73.96856863167432
H,S,-41.54962731297303,-72.64861508831186
H,F,-13.009306582931929,-114.86294983304815
H,N,-153.56472284289293,60.638516935057766
H,S,113.61748132012127,-120.11019743210761
H,F,164.89439033541925,-155.1823549814173
H,D,-68.41333107721158,-29.198118351595184
H,A,-42.223719503325505,-63.14756711028028
H,A,-46.90207018601247,-62.19743846882597
H,D,-32.055087873800424,-62.09356056209933
H,E,-35.9774203651734,-74.01520995247454
H,L,-41.87161859559385,-62.51692609616576
H,I,-37.655686176311306,-69.02656204602232
H,E,-29.937830249395628,-70.3205108540342
H,E,-35.750195992863,-73.42255361648377
H,L,-30.304730476814214,-71.10379344112529
H,K,-24.659543651622947,-72.20291222259127
H,K,-11.557757150233137,-79.14485913712619
H,I,126.96934086001036,-79.62346135596925
H,P,129.7191536724917,-57.650083782957296
H,P,-36.79726208490339,-48.83257672591888
H,D,-38.620946016409576,-73.98046805829534
H,D,-29.415033947530862,-71.44930934827053
H,F,-32.51592997259844,-65.07698628029864
H,Y,-44.22787257335702,-59.989266488338465
H,E,-36.580734440577814,-68.07030409976971
H,L,-32.72905663908224,-64.95851215845747
H,F,-37.16807390869388,-64.52273288621709
H,L,-17.462652118434963,-57.444790439837305
H,R,-61.372220650833036,-92.53382231755039
H,I,-39.53910462553955,-58.59794071036998
H,S,-54.33615460372993,-54.58207392861572
H,E,29.39691135685623,-75.42644544672903
H,I,-68.16599140415717,-130.33845297894146
H,S,154.0010989916765,-79.91375725656859
H,G,93.16758557805034,23.065104217502615
H,N,62.31278931936932,-106.5079227898186
H,T,175.1483594625112,-63.25240507245875
H,V,-46.15328393024689,-66.23536935896755
H,E,-36.50695420550562,-71.67044874164637
H,N,-38.89588532189235,-62.32910052932185
H,V,-45.43711202354162,-69.21851374861859
H,E,-46.408858748402906,-56.09804755788078
H,G,-39.12058842597476,-58.774273074380794
H,N,-31.39528471129277,-71.15856034671843
H,V,-46.77782765542384,-64.37575226264622
H,Y,-30.252103177495602,-63.82868609335211
H,K,-55.603357300160745,-65.36374700750149
H,I,-42.43797214307858,-56.13055126798877
H,L,-36.85007119244709,-57.535013998329966
H,S,-28.087315823985687,-67.60363679182115
H,Y,-35.435161022675956,-74.70789631727331
H,L,-35.56645002030545,-68.01696888034098
H,E,-39.06316687623524,-67.17581201333716
H,Q,-33.72981520656116,-66.42237715081352
H,Y,-42.864908572958505,-70.02475209550941
H,R,-30.813556299554996,-70.23402267325183
H,R,4.455388272429037,-79.6163919809191
H,G,45.81227997969358,73.11556618388998
H,D,-8.545594400697277,-86.63190701350477
I,K,157.61981626513142,-83.63458000948944
I,M,138.28485619528493,-126.63513473961729
I,Y,138.29787304613936,-131.94574999174608
I,S,127.17939052670768,-91.38617441435983
I,C,153.7158752140885,-130.29150961637922
I,A,149.83089730989073,-148.5446353888062
I,F,155.70057243573243,-113.48733972392374
I,E,131.8652397003912,-122.01562192064253
I,T,167.70078238426368,-130.79444010092726
I,T,163.8588584473802,-84.7086590291211
I,T,6.114800428196456,-109.9769159491347
I,K,132.02387227132877,-94.28137945130142
I,V,-42.77321849034581,-55.369161039926766
I,E,-25.194554323903624,-85.85097075149014
I,D,80.57887381685745,-127.59657118541764
I,C,110.35803171488938,-114.24912603393842
I,R,157.64194749748236,-156.00411760382775
I,V,124.15049916133448,-71.99008847092207
I,W,-8.067513694604559,-105.9098776524361
I,A,142.41983875557509,-158.18797131222453
I,Y,159.87101402236692,-132.28971072981528
I,G,147.72984295239948,-151.72572668518276
I,Y,146.4772567037904,-142.57257131863204
I,M,132.19872411640338,-137.62352114214107
I,N,117.20668337535427,-60.05301050756126
I,I,-33.944643152845806,-59.654710935500624
I,E,-15.810061032086592,-90.77610909741415
I,D,89.36329371853797,-140.9369062402119
I,H,-0.12923290416234784,-67.28628983227732
I,S,-14.684329481483916,-85.12412982889002
I,E,94.78560622462798,-99.06547168523277
I,Y,161.36923700392398,-141.15725106382885
I,K,136.57147547883207,-147.45875262804321
I,I,119.36724716234582,-126.44740037546445
I,G,173.63388822298626,-132.62241084537416
I,N,15.176041214600792,-113.21228069255959
I,S,126.42087712105594,-130.286865009015
I,L,-29.6307897558869,-67.92882546621267
I,D,-40.92056221286921,-67.93776188485832
I,E,-38.877935206693216,-64.55225940296886
I,F,-55.84087116382328,-66.98376203132283
I,M,-28.75259853204911,-59.47548594533136
I,A,-36.93435320382212,-69.83042961237446
I,W,-43.52172024769117,-66.45965135382217
I,V,-46.41132750693608,-52.33894400176669
I,L,-16.40554178333858,-69.77110867531879
I,K,-41.61094246602948,-94.77601689643707
I,V,-26.264604214997405,-62.933268246611064
I,Q,52.382353638779634,48.26067326281431
I,A,178.94261274117582,-129.08645086726895
I,D,118.60125472891079,-106.24115001176156
I,L,145.82189002075648,-106.53704292364566
I,Y,134.85443694288637,-120.49175468583456
I,F,142.93577795646485,-118.82014386978926
I,H,98.28339734425495,-90.18779749781848
I,N,69.21206055169782,89.62181372449747
I,L,-31.26410435805498,-64.71264453310306
I,K,-41.711051324521144,-43.826389326057665
I,F,-62.34378874434527,-79.6312190889952
I,A,-34.56714678778865,-62.81053068030081
I,G,-36.51837569789392,-57.53522954508739
I,A,-33.47444852965449,-60.46356945318403
I,F,-34.86475288463971,-74.10291716995967
I,I,-55.31422019950583,-67.39321465144282
I,I,-45.44907496431639,-53.673004527030656
I,N,-40.38607669177819,-49.85071873037373
I,W,-37.2912257718409,-75.49598844496623
I,L,-46.99024748236367,-65.28215142061974
I,E,-24.790995671192192,-67.27619724119042
I,R,-9.481778735636809,-86.64455824407945
I,N,45.78873036360362,-124.18711565465864
I,G,29.476203254046936,69.85596965309351
I,F,145.33935064961292,-110.51935742029711
I,K,158.85422773127135,-122.677847175602
I,W,131.78070409687336,-81.11623480925417
I,S,140.5598482106485,-151.93685391066575
I,A,-20.57241753950197,-87.65047360352602
I,D,2.156346714548793,-89.52215325370483
I,G,50.743261371949544,63.58118128568206
I,L,165.06785134816312,-80.67412241722825
I,P,139.39634039263007,-64.0615426396845
I,N,31.256952317771958,60.879811447037184
I,T,166.7341136322301,-124.35074434413056
I,Y,157.46631780413105,-130.75965141859874
I,N,155.91494576407035,-128.65317717573595
I,T,155.71098877262654,-136.3371597825221
I,I,98.90926469010584,-118.31283334272423
I,I,119.03363883350897,-122.2614652845978
I,S,168.02243093393128,-74.35580316981395
I,R,-38.73647458315231,-54.26910485576227
I,M,-11.926170502058147,-72.5045441543484
I,G,17.61339312721645,93.96849769460135
I,Q,130.62223421499226,-83.47580216460842
I,W,126.81680646135828,-91.34546432772683
I,Y,-38.428760299365116,-109.51323813361091
I,M,133.3583487302674,-164.70417755366108
I,I,120.24764310168233,-115.5671035359478
I,D,105.29218452316056,-112.41372720820853
I,I,112.0799407645998,-89.66509588416773
I,C,122.87589993400468,-102.13426431127068
I,L,-38.807440736470575,-94.92752656696614
I,G,-153.20377138321837,162.90278426320725
I,Y,133.46619955840046,-138.9209955547147
I,K,108.47836945166267,-113.36829973109276
I,G,-125.34436858569804,65.40585312115188
I,K,-19.573140840278004,-92.74227143030569
I,R,115.29774782650115,-65.46039169676062
I,K,122.15309588147674,-71.70650105699521
I,I,118.48514747116641,-91.81772390976727
I,H,163.38408164774572,-162.7925245533517
I,T,127.7575712426708,-126.52483063737098
I,V,134.78647393634017,-108.69853090792003
I,I,120.99345484754225,-113.44496754943198
I,Y,166.79229200857122,-110.15520353142276
I,D,110.62411583551896,-105.0239909932615
I,S,-13.357128110650445,-69.54831152583125
I,L,-16.158401171215086,-69.37254253966559
I,K,-29.31348603838812,-84.25751783244166
I,K,-37.01706766566059,-78.88794019049583
I,L,84.11037128318479,-136.73165739172077
I,P,65.42070109719408,-74.81234656612001
I,F,158.09904941022302,-147.72459005899293
I,P,158.79122427920817,-67.02529834340638
I,V,-50.87035868652944,-54.83219118355893
I,K,-47.92058785842033,-54.621348704815496
I,K,-47.58887393374715,-57.975676014235226
I,I,-54.009785493660075,-55.44698153684176
I,A,-48.89780071306339,-52.895722483203336
I,K,-47.10155707622721,-62.036267878191715
I,D,-36.63469447682539,-74.29570117106353
I,F,5.096390762614888,-85.56245808126631
I,K,55.74827567795364,56.508024502665315
I,L,154.7661511779011,-118.25300415394912
I,T,124.17480910299962,-68.75744929051017
I,V,130.26424291094128,-134.09007947118764
I,L,140.3131043233165,-74.87623430424752
I,K,139.2719263058379,-72.33994594307237
I,G,-167.0626787684402,91.0028503544012
I,D,166.90674278633765,-150.73382205339672
I,I,126.61186801581931,-71.63155753767732
I,D,104.5463175154441,-67.67790439146395
I,Y,-9.282081280138666,-82.92119130014821
I,H,33.517932402148496,-87.4242948123671
I,K,131.88487920228098,-116.69631504405804
I,E,124.88648216125972,-80.97886275021257
I,R,95.74341868030895,-130.02223659042724
I,P,171.3823831962912,-65.86723615056775
I,V,132.1699934741075,-59.866172525346165
I,G,-6.78823120184624,91.18100487693994
I,Y,133.211318808676,-40.95858441250056
I,K,128.28030684346487,-94.17880524118151
I,I,126.63914811670921,-66.54570724049836
I,T,151.58202603237245,-73.02483247860982
I,P,-38.61927020533981,-48.17202040486003
I,E,-37.791545103708906,-72.69757384018872
I,E,-39.90177951382293,-66.71470077796104
I,Y,-46.693938368405725,-56.83239504666446
I,A,-43.54384118237929,-58.27116588513078
I,Y,-45.10804742462602,-67.07313144901309
I,I,-47.50056995347533,-60.39550165129806
I,K,-41.53941930563425,-59.39870792703229
I,N,-42.923620316550476,-59.85512486561887
I,D,-50.94346095275275,-60.81191003125963
I,I,-30.41062637029172,-68.05148525682544
I,Q,-39.33242612268886,-78.43129352529694
I,I,-40.30170651234457,-57.05953562358478
I,I,-41.190658949048974,-73.83552867122545
I,A,-42.00674327738707,-59.518668384929086
I,E,-39.12369085285568,-67.42249169988186
I,A,-46.619591651196465,-71.04521703119987
I,L,-42.401786735192324,-62.81333430759764
I,L,-42.8923744809278,-61.340651282205506
I,I,-37.84413375597615,-58.08822523239989
I,Q,-52.57835279078231,-67.94014927120098
I,F,-31.481856575107344,-59.25718766960336
I,K,-14.890673321449656,-70.24304340915819
I,Q,9.679433998780496,-94.45581073112845
I,G,24.381196469498466,71.24347203557005
I,L,88.98227422667914,-93.36029875131
I,D,-35.86150913697694,-92.08614901530987
I,R,163.68249967562286,-61.24156506905697
I,M,-39.94676083014727,-55.53102325453088
I,T,157.58243829498562,-128.0964653486169
I,A,-36.85364868437115,-59.5335004261981
I,G,-41.745415084745936,-60.12605381390218
I,S,-38.0808283446766,-68.91594129567986
I,D,-32.451133645947706,-64.16839841090182
I,S,-46.743206785997984,-70.57599768084701
I,L,-42.312571972025836,-68.60040672304966
I,K,-39.68011376292433,-58.8414621486661
I,G,-43.416210228513364,-63.522642607042364
I,F,-36.09442049183816,-65.28540598518883
I,K,-38.141333250392734,-69.85147677038799
I,D,-41.53400406884819,-64.08562838302075
I,I,-49.05060852953529,-67.40046941287422
I,I,-35.88725119425041,-65.28491184045595
I,T,130.3518900495524,89.18029274201601
I,T,-39.45313454904098,-51.85233385491492
I,K,-45.233511497942715,-59.48501403767109
I,K,-36.73096573741808,-75.60259271175975
I,F,-47.20192037438717,-58.55232558073032
I,K,-28.23062589365427,-64.64409510951408
I,K,-45.27560714747476,-76.41297551690532
I,V,-24.274865319656033,-83.86552226503352
I,F,74.05986855899346,-122.42241908667323
I,P,153.11765995146382,-71.2486686312722
I,T,126.72822837508777,-75.58306235102548
I,L,160.8903248235236,-89.34107728398713
I,S,147.55910506776095,-68.14984992629965
I,L,-37.50201258618868,-52.9772806419582
I,G,-42.521407116987945,-62.91095290265081
I,L,-43.65009554176685,-69.49236055736758
I,D,-47.462427085235994,-58.5764617186046
I,K,-46.166390592898544,-53.96143663020577
I,E,-50.6775743124423,-60.90965575328859
I,V,-43.82986240711192,-51.47676461088265
I,R,-5.301238335918834,-78.30173039905748
I,Y,-22.93886190306053,-66.34554567432134
I,A,-3.1467463130600155,-90.06675803031067
I,Y,133.91529638357068,-75.4394997860721
I,R,-9.346692839601817,-137.17224878355825
I,G,-129.99734783619266,78.02040278059695
I,G,147.59807756464423,-114.66239544190458
I,F,108.56806899038138,-82.78730744918357
I,T,109.4201215960262,-124.10692401861535
I,W,141.08540523812263,-141.45221776646082
I,L,128.58032754194204,-119.05809475707557
I,N,120.71029368557349,-66.59599529362625
I,D,-36.80258366487592,-50.38639548869948
I,R,-32.06921289148493,-51.10842532033626
I,F,-5.38784295161661,-103.0829737558205
I,K,128.67390315851918,-57.645036664903955
I,E,45.22449090352119,49.471103455190296
I,K,128.67501913916232,-132.89648201722824
I,E,119.61284834486506,-70.79244847869161
I,I,167.6155246257269,-113.92337623674197
I,G,-141.05647128173902,-84.75913708994798
I,E,142.64283444371586,-69.72040337652564
I,G,171.56582843708804,-159.4278536587442
I,M,160.62773826709272,-134.08366226294518
I,V,142.3459502192273,-119.05424954746748
I,F,131.21948513264917,-128.02615535475388
I,D,138.04184824314555,-119.36508934213232
I,V,135.85838898869213,-75.29604741269345
I,N,104.5012568346124,-73.05415514398533
I,S,66.85924675716761,55.19085427199792
I,L,-55.1648083043908,-47.83118537935983
I,Y,-51.57019558496332,-71.54163584793149
I,P,-30.31870399376816,-50.259090398157355
I,A,-45.94707734930685,-67.66482627257116
I,Q,-42.1510845746097,-61.92012567146769
I,M,-25.4112907656068,-65.7125219860191
I,Y,-32.843117130044604,-82.45703725461279
I,S,-31.04762689425105,-126.16997048085277
I,R,155.83226465468746,-73.4137331581406
I,L,116.21480313959442,-73.39372711854699
I,L,155.0381742381567,-122.93665179314627
I,P,150.7655437689421,-84.71496910631373
I,Y,159.84021512609405,-149.04891612628904
I,G,-168.89594176936083,79.454928128964
I,E,125.62683984513725,-71.60286207251052
I,P,157.53006075042015,-74.45785045045686
I,I,119.32986559808879,-115.34888122416507
I,V,136.44092384861776,-70.19523093263953
I,F,150.07799618287135,-133.79440626465572
I,E,144.9174862498949,-95.98855850726741
I,G,-158.67690957740595,73.73778468899518
I,K,145.86440211635755,-66.13155616309913
I,Y,133.0976821710292,-74.76366780088601
I,V,136.1857758918458,-105.10192416715624
I,W,126.40957942177891,-50.876479555372114
I,D,114.07132719348289,-131.2082383339896
I,E,-29.27892704459418,-61.036466464989886
I,D,-19.517707651072676,-80.74191129708561
I,Y,66.799867913863,-132.95161616685076
I,P,-14.533364667417237,-80.03041001189244
I,L,146.13183052476,-102.15508452041891
I,H,155.63768083848484,-154.14444476550472
I,I,131.17036693820378,-112.60582096290344
I,Q,123.61124238002779,-119.16831449959216
I,H,100.61812884556042,-86.81081439727492
I,I,161.64355890474135,-108.98728164907443
I,R,147.11875573217526,-138.78756502427666
I,C,-176.6783715833953,175.28822643254807
I,E,156.51305378742651,-119.97302924052424
I,F,155.79138008450553,-149.87208346305806
I,E,132.88864726023243,-131.08966224448213
I,L,132.09291686168635,-64.6552219143636
I,K,141.62601239968888,-65.98808129081148
I,E,137.15317264426008,-69.81898714274472
I,G,15.58216662698715,83.8918560556308
I,Y,151.28427198506301,-120.69533527884079
I,I,137.17459967129724,-81.32285962849085
I,P,143.0577975735885,-65.62544044383056
I,T,-40.678025727738365,-122.23223706146304
I,I,140.23390675790978,-78.44355733911894
I,Q,129.55721171667025,-138.07067641254807
I,I,114.07750829701472,-112.43460235942757
I,K,-80.99029353109583,-79.3533641193716
I,R,103.72877613689789,-77.16692001839266
I,S,153.68726336984233,-156.41525363525074
I,R,-43.56652585549465,-58.76269593637656
I,F,42.733574095480606,-110.48642338822881
I,Y,146.39969564133162,-74.48667792225841
I,K,22.39592273044843,-147.35032677540346
I,G,39.7381988826102,-54.455323754714385
I,N,-35.92807147984117,-100.7518122513854
I,E,156.4461191394923,-84.13331905193799
I,Y,140.78905478262004,-89.38659592681554
I,L,132.23868358922053,-87.21897968273325
I,K,-29.096130144015593,-83.4993801347826
I,S,162.26626900313371,-154.74078293463256
I,S,-19.736239643677063,-73.06339297652197
I,G,-1.4312522215969865,82.72562824167692
I,G,8.786765176050672,88.14988570968197
I,E,167.77318937562006,-122.26580776389181
I,I,118.49683390813541,-93.48147654264112
I,A,140.29052025992578,-70.59630023071226
I,D,101.18058970863798,-131.83519478695362
I,L,158.97597386025663,-133.59106562563213
I,W,122.68084492800966,-113.5797596690991
I,L,140.29854532944515,-128.4438111148958
I,S,156.99818184377622,-70.47292394612467
I,N,-32.850225574175234,-58.56434484205063
I,V,-48.20519626567961,-59.17280090577847
I,D,-43.04341433359888,-64.21235816152925
I,L,-44.78610289949477,-67.4177223616448
I,E,-38.138838923236875,-62.56576836205494
I,L,-41.19891227767997,-66.29652011341503
I,M,-45.19526113085697,-63.409851389250015
I,K,-37.03871539071748,-57.114183046420116
I,E,-38.28581952125737,-71.5405529657337
I,H,-20.813096006474368,-87.30524879781522
I,Y,158.49914099898032,-124.44594444142108
I,D,125.38340384695655,-94.50829445617971
I,L,137.56834687971656,-102.48185207281342
I,Y,147.64135908962606,-125.72697518075081
I,N,46.17740487085905,46.86919171337572
I,V,127.1505757631638,-67.87041295726738
I,E,128.7226291607688,-121.73007048101867
I,Y,115.56963005028607,-103.1137359239141
I,I,-52.90618980195637,-90.39393791095377
I,S,-174.6035603722421,-176.90983129810948
I,G,-171.39281359012844,-174.44936423414362
I,L,134.6280140881409,-136.7497862550721
I,K,153.49224347167586,-116.6784712819059
I,F,143.13197825406377,-134.74932493954816
I,K,150.19623953871687,-59.71791690852826
I,A,161.28495208014604,-135.94797551848384
I,T,164.01846662729398,-163.51749735527648
I,T,-12.608677843973943,-113.2926099452563
I,G,16.392087637166266,-99.64047112802184
I,L,-32.26471797240448,-70.73217415003002
I,F,-5.993217793432582,-109.10752139911362
I,K,-49.562344524828745,-55.07542099719918
I,D,-44.74933681820558,-61.89687368678574
I,F,-43.76861458726068,-62.49200292976546
I,I,-47.577299199003065,-67.92470764688385
I,D,-50.99207833579562,-54.02600840007662
I,K,-52.64643361097191,-49.1880569037968
I,W,-32.672682181311664,-83.09057668862093
I,T,-40.44207098237169,-61.27378643268565
I,Y,-58.42977131542769,-57.76632939376621
I,I,-43.7668151298417,-52.81360763050454
I,K,-55.180620666866766,-54.301525614132
I,T,-31.773865759581895,-75.40865263030327
I,T,-24.67595836759763,-69.10117802270594
I,S,-179.5668907924882,-116.29410051050067
I,E,165.71870240913088,-143.95202146201729
I,G,-138.0629066038071,62.46337996615215
I,A,-56.64411285203094,-49.69385937631533
I,I,-36.22289653002248,-55.17560935743246
I,K,-39.746186505964126,-65.4528641941368
I,Q,-41.05940513585361,-70.8074831216585
I,L,-40.31623017296135,-61.23191442245788
I,A,-42.36136846099134,-59.8159686718194
I,K,-51.598181947465285,-62.230522148770866
I,L,-46.37116189953205,-50.308767117398666
I,M,-35.88525237231858,-58.998513842995784
I,L,-39.285862218924855,-77.79991465909139
I,N,-9.798944271187214,-89.29163151184174
I,S,-15.403138253747102,-95.0412645811652
I,L,-56.334777457805345,-68.4366597684963
I,Y,-51.312379359685394,-45.32250890481236
I,G,-34.42701544878221,-47.18213966673144
I,K,-31.514875549054384,-62.89519735153098
I,F,-32.96072616372964,-78.14076169830096
I,A,69.66278488421484,-98.87677920214445
I,S,158.59643485988434,-134.07600227330602
I,N,150.72350558783577,-96.87733786708395
I,P,6.4568287884553595,-81.71945767435095
I,D,126.43761544160051,-80.07203207638045
I,V,28.467902437419696,-130.33105658049615
I,T,128.48614915970268,-66.80433247048644
I,G,163.2203493534409,-107.12684297873064
I,K,139.77418930257485,-91.79744922430275
I,V,122.01296790808922,-108.87312099719902
I,P,149.87397443284934,-76.36665717531136
I,Y,150.4619497403484,-150.52909605686162
I,L,120.75296941372216,-78.83405626626046
I,K,166.88019943139966,-69.31103000979604
I,E,-37.999154190058746,-56.17840825555235
I,N,8.73210382307576,-95.04603100413468
I,G,-4.672000291724691,93.52428679052578
I,A,172.23977098979168,-85.34950878142304
I,L,134.75870173568416,-90.1025918293079
I,G,156.75252337865393,-119.40832696315343
I,F,132.14984303358557,-133.88569688775544
I,R,145.0928258387207,-125.80639577387053
I,L,126.76735755661453,-62.88170313603443
I,G,-157.73246926440305,-82.48103414922164
I,E,141.24685043503325,-65.44867067814818
I,E,130.4023634680122,-57.335592432225404
I,E,140.91001284791994,-142.86798380088592
I,T,137.5411044567216,-131.79412335239044
I,K,145.1820208379294,-111.88505927934438
I,D,133.25066267665474,-64.8570343806059
I,P,149.7152547937664,-73.88348660589314
I,V,-56.70627370215552,-72.50702958914066
I,Y,85.4230472157382,-176.28877049509921
I,T,-35.577935261423335,-60.2564630057366
I,P,-41.2231979877981,-46.25346402633166
I,M,-42.058055448757074,-62.2770389259608
I,G,-38.95642637668436,-62.18925083210247
I,V,-48.65252064415354,-67.20347242729554
I,F,-28.876456965875896,-77.26634633336961
I,I,-46.00144686463423,-64.77799755083743
I,T,-30.03838949183747,-71.92866661270287
I,A,-43.42970719626256,-69.32435470698789
I,W,-35.43354152160936,-62.82212105331492
I,A,-47.7769851378105,-64.03563826599748
I,R,-46.15681121753325,-58.88325953773535
I,Y,-47.274214145454664,-51.78689253126894
I,T,-47.977259533042954,-59.127037641836736
I,T,-46.38772140638873,-73.9719521311043
I,I,-39.77754566026883,-63.44880150026521
I,T,-54.96304836497034,-58.325159636896814
I,A,-46.69529943588812,-56.486488248296
I,A,-45.49585233280282,-59.06072465618902
I,Q,-40.478073577987686,-61.9339854213475
I,A,-25.590956744900765,-59.45950967587382
I,C,37.29162751589455,-111.11314971297627
I,Y,-42.17029096001983,-54.63375143245845
I,D,-12.489679211951632,-70.88131343585057
I,R,-7.447398445871435,-122.03884790641057
I,I,130.88709854466904,-66.91460811693926
I,I,-45.26805233860844,-108.2178225395646
I,Y,141.66597628558952,-160.85022565412552
I,C,144.93660823796495,-122.25558594218295
I,D,97.11378103189918,-143.6242611365917
I,T,-78.91576937826191,56.53426748163675
I,D,20.84869573948669,-119.30774692142606
I,S,158.76168936908851,-140.39635873324707
I,I,137.51171310424567,-130.58823192027867
I,H,122.89214173745653,-115.40716950614474
I,L,156.55687035025517,-119.0448533543987
I,T,144.37490192593214,-75.86968245270386
I,G,-177.97511261290146,92.30680270479161
I,T,-1.905696649361249,-125.77413005455779
I,E,133.34889309357936,-101.66830648753965
I,I,125.37216491986628,-60.97891950459249
I,P,135.2884644522335,-67.32548075769994
I,D,-48.116909376673966,-45.13635366626865
I,V,-29.787981990305614,-57.22016901697055
I,I,3.274182965614758,-109.04407026716106
I,K,-42.66841157506616,-53.94221634223952
I,D,-9.095594940761385,-73.83625201792341
I,I,11.435966765354577,-115.68552039931882
I,V,123.20978741750288,-93.82813461781211
I,D,135.94887705978698,-151.167340590975
I,P,-34.93506125314593,-59.072557032081136
I,K,-45.047002758937516,-119.94224617438012
I,K,132.5495150444912,-44.22842393421987
I,L,128.46796610131622,-58.431096838186804
I,G,-19.546587480199868,90.6548268792873
I,Y,166.19740720647462,-80.3140187644266
I,W,128.223749358163,-92.53869430299183
I,A,138.0222110987873,-100.34395402477286
I,H,100.30684205373669,-74.4404161896194
I,E,-59.709048126638415,-75.07162540283488
I,S,165.94224632343835,-157.96568889936103
I,T,135.3386620150904,-133.34218090465762
I,F,146.74175995726097,-118.38406790095108
I,K,-40.10418748299588,-72.06308493043616
I,R,161.1190193831994,-156.49650294340228
I,A,165.2916280339999,-152.3145789270634
I,K,121.19616670141534,-148.9334047423322
I,Y,125.26185451578564,-110.88886838414913
I,L,-35.83299743368533,-93.02030023521888
I,R,178.71673665956112,178.92399239574584
I,Q,132.9299932178258,-38.053929705053214
I,K,13.872603232386158,58.25723989802926
I,T,97.12477400610786,-135.57083079615657
I,Y,168.27564286621111,-160.71408241257402
I,I,152.0182943498653,-133.9519535925438
I,Q,152.0199231045695,-140.86592936176854
I,D,92.46189742346506,-112.0326764955733
I,I,142.79591583178464,-78.05095895863192
I,Y,129.319439799861,-78.39811936113342
I,M,144.59713919538876,-126.61556875794618
I,K,138.3972125696964,-130.66313675341297
I,E,127.9890364365774,-84.82236364515472
I,V,-55.78827011588415,-104.59428138963796
I,D,-103.99505742422478,-116.53871753842368
I,G,-28.004875994066484,-93.40084730577779
I,K,164.22795526426597,-72.66500924560137
I,L,117.23256982494544,-124.11402449211435
I,V,171.94133043516464,-115.95717056419818
I,E,128.2962556557278,-69.86044113653845
I,G,176.5131391483998,-118.44949074395167
I,S,173.05106186491727,-95.25123477755174
I,P,-12.73532135534927,-67.47238380202027
I,D,-48.6573869898988,-97.80995524942996
I,D,85.92921542101843,-97.48733212509485
I,Y,152.4194791048046,-163.56363020224157
I,T,-25.185166809267074,-122.74741087826149
I,D,169.2593225983572,-135.3304553138958
I,I,117.69367048095461,-121.20656429169382
I,K,120.17807800710234,-93.39668875104068
I,F,121.12944556118477,-88.3238503898606
I,S,138.45637848462167,-118.41258137429647
I,V,125.7542400163617,-130.27984989874864
I,K,123.68429314805415,-120.96701527660001
I,C,120.46644817533812,-164.5005322776386
I,A,129.9745209900124,-56.795706636148886
I,G,-18.707872961532217,89.05381860214548
I,M,122.01772995964967,-76.60375860528387
I,T,166.22122027175848,-74.78026489443944
I,D,-44.11249765947976,-57.404572632848556
I,K,-46.307414097376096,-58.61085677719862
I,I,-37.88769454707392,-66.85738650576273
I,K,-35.232803269191386,-53.92784726702713
I,K,-16.833626066395762,-70.38291888189303
I,E,-27.893704985701383,-77.90222999788715
I,V,134.51346017327424,-67.77576436971728
I,T,175.70761669934285,-128.9533521900071
I,F,-34.91257509708554,-61.686127245213946
I,E,-44.237765675690945,-70.9763032011838
I,N,-3.0702855841763292,-91.03318939155736
I,F,81.28517258888196,-78.56584417752319
I,K,161.2732604056059,-142.66181183441086
I,V,125.57207597337855,-57.88735055689975
I,G,-23.836625968144848,115.35131115528847
I,F,126.00420631881202,-47.051612853577105
I,S,135.8386296083275,-139.28913818868782
I,R,140.53914185727106,-139.11055609109846
I,K,52.71216103606115,-97.83987847078451
I,M,37.216735747906405,-135.32279068030223
I,K,122.19487903781396,-105.66999609582939
I,P,127.96422837695593,-67.00471921600553
I,K,139.6874986181733,-115.00318631747803
I,P,135.2047143762271,-79.59505285397029
I,V,121.1910324443852,-127.03260543861751
I,Q,123.94052331753765,-72.35303192025842
I,V,159.34614635028154,-134.40138810282318
I,P,112.04601783336165,-50.878299661466656
I,G,-42.18949972158872,119.350881009016
I,G,-148.10779278920228,179.20648682399565
I,V,148.59562696193058,-113.6616570801543
I,V,141.613788088078,-132.46699449149187
I,L,138.32264104510173,-86.1862868636622
I,V,141.02063839185504,-135.07356642218744
I,D,137.10295512814375,-61.7388092959842
I,D,145.44971153125843,-136.28439469042675
I,T,120.58765085052643,-74.90197629646109
I,F,141.45829656325537,-106.55029450700138
I,T,138.540461469738,-143.17951486416476
I,I,110.4887095972428,-75.66254388488665
J,X,-3.758428296340878,-101.88330877183593
J,X,-1.4766698950682622,-81.83009649119694
J,X,-57.93954616152291,-71.48076832561703
J,X,-19.165193226019692,-74.5086547833652
J,X,-23.027096176759905,-73.65855309368067
J,X,-36.91027899893817,-93.92214846648766
J,X,-21.582439291227836,-66.25562534157726
J,X,-50.401449167624214,-79.2842348412742
J,X,9.084960544931606,-65.13020625098382
J,X,-5.426457492582828,-125.7453501175287
J,X,11.998245214737596,-93.12088430287464
J,X,152.13003738228988,-21.75224092296214
J,X,24.36164999164961,-95.99790943221048
J,X,-8.372041408939848,-72.38974156636156
J,X,-56.33291591507266,-70.34213355665597
J,X,-13.452691711426032,-78.96474813534005
J,X,-41.9262203826717,-80.45953831675742
J,X,-29.460548464381063,-72.82941312138854
J,X,-45.769194316394334,-65.07740203348293
J,X,-36.64321834879603,-76.33237534748623
J,X,-10.050429814939736,-65.4256102881454
J,X,-34.66833138021899,-112.57313478169489
J,X,-40.6415641891656,-67.13822521221375
J,X,-20.91703417041373,-75.55187347008943
J,X,-22.821264249088024,-77.1925567596578
J,X,-19.018918079345553,-108.46168063604175
J,X,-43.95217740483927,-99.91794667309901
J,X,-11.156620329294382,-116.4643139361459
J,X,82.7516712937506,65.88509538825673
J,X,163.1349724222171,-154.12266478042048
J,X,175.0649485339442,-72.18681582748552
J,X,121.01961930284926,-122.41727866254783
J,X,89.08640886461995,64.31837768192491
J,A,-52.515884893472425,30.82572677785325
J,N,94.85877953318527,-80.31397597986893
J,M,3.005790750946186,-72.46896931536116
J,R,-28.91071930317378,-75.4359852444565
J,Y,29.117807990469625,-118.79941594528921
J,Q,126.73065671333349,-109.69966071837332
J,F,172.10851929510534,-114.00917158008635
J,E,129.715470142507,-145.82043955805082
J,K,136.13143033038324,-99.87134588553741
J,N,168.24613618573505,-81.96919034571111
J,A,-13.082886105794744,-68.08030308479302
J,Y,12.244485752773425,-109.37752256181922
J,G,23.220974156010797,69.9096407228008
J,V,128.95215098712464,-87.19763518391183
J,V,127.09890114168164,-120.43082094678296
J,A,150.49542400197478,-146.53626075137763
J,S,149.55917459423966,-64.3470876207116
J,K,-23.823728999652133,-64.41469839469143
J,A,-49.34335011878027,-68.9533279366075
J,K,-42.236293770890335,-59.68609138283692
J,I,-47.99342634060553,-56.07966223378569
J,A,-35.832919203564835,-62.75518292562847
J,E,-47.65943286272371,-59.97286860676971
J,I,-36.816914896715495,-65.87608777785776
J,E,-53.34024188221222,-62.211709555228275
J,R,-49.300573428423895,-54.51248231461119
J,N,-41.748930039253025,-58.00211955923341
J,T,-41.932495504419975,-63.35564453715992
J,K,-39.7166513895789,-64.32759791664236
J,E,-35.83714189152649,-65.22696328128548
J,V,-38.12606471441164,-68.92533551690343
J,Q,-44.48503901759598,-61.21825777829216
J,R,-49.94941591619987,-54.678065778593194
J,L,-44.00976159553704,-65.58079593567878
J,V,-45.2929181939503,-56.68127576669149
J,D,-45.98001825811712,-64.54220662731561
J,E,-49.364565857253226,-52.72864078156288
J,K,-33.41903944151109,-66.11643798401171
J,I,-46.88588161194944,-71.66822360029741
J,K,-53.16191133094162,-59.75022622350939
J,A,-40.89649753594086,-46.62361385449066
J,M,-43.8056101804389,-70.29279926893446
J,K,-34.77909492785927,-57.101871471187835
J,D,-40.09900128195773,-80.57758199157233
J,K,-46.68368649371793,-53.137853485612595
J,E,-44.06000613809526,-58.97836253209408
J,Y,-53.78930983767484,-79.0018462221318
J,Y,-48.234601835385796,-85.64838606826638
J,A,-65.72648042660904,-102.52992763978982
J,T,113.4851096661688,145.10571980955766
J,G,42.63831300899234,-71.45713381441978
J,I,96.21060641772958,-89.64593187162068
J,N,123.9169084496204,-109.99761912513772
J,R,123.97753486188267,-76.89215900957616
J,P,146.65819093598714,-75.88801636704237
J,H,152.50965030218902,-69.4754891437402
J,D,137.42056764981763,-48.54831752226712
J,F,119.37633033463084,-67.76570739115486
J,D,102.58577775844458,-117.67149317185476
J,F,-28.999047174187083,-63.291186331308296
J,S,-18.7774843060519,-66.69147877273471
J,K,2.2249818323154185,-95.96832276624497
J,V,114.74804271687121,-85.7678458795648
J,R,-2.2697225924423066,-98.16460143272964
J,S,162.80152984630226,-160.2503937651652
J,Y,-35.892449221266546,-67.94875660493146
J,S,-34.235048639917075,-59.38719126102813
J,R,-42.22377197733894,-70.21761360731777
J,L,-44.460248432569344,-62.450608648078365
J,R,-39.918988063585715,-65.52645510831474
J,T,-43.26788358733467,-62.279902391088775
J,L,-46.71286973228721,-72.82426112558527
J,E,-54.461184688161794,-48.632233204509134
J,E,-59.5871491149273,-64.99162278461768
J,S,-30.483544206618422,-66.32206124922868
J,M,-39.10727975946365,-66.91611460765344
J,E,-34.672611035221095,-75.60052674342904
J,M,-29.840047241504138,-66.90787357141431
J,R,8.27099410881058,-86.47396660635161
J,T,-8.631017519689514,-92.17669708576746
J,D,129.07531386105376,-63.445941277733546
J,P,-13.373400859168623,-67.48701765731902
J,Q,24.071255474557486,-114.59384613638835
J,Y,-50.81046037680656,-58.19534880352977
J,Y,-36.19657997454604,-69.61089856335202
J,E,-40.08726474367532,-62.39556814077354
J,K,-46.36709056911369,-67.18718310296255
J,K,-39.39415770047038,-57.281086475882425
J,M,-42.4313517570667,-62.14494987490471
J,I,-43.53106415086078,-69.72684224250287
J,Q,-34.7830948314705,-59.6636527063052
J,L,-51.91030614941428,-62.51579328650076
J,Q,-36.64210175430358,-60.61768181574158
J,L,-40.53913797900596,-68.30395343570419
J,N,-34.11005089642264,-67.34156704327425
J,F,-38.33336644493138,-70.2969276195566
J,I,-42.43904381742768,-67.85590321019217
J,K,-37.278643088364205,-58.30360873077601
J,S,-36.74079221850124,-71.81319395033275
J,V,-48.00826399373942,-66.99740006551738
J,E,-41.739815116110215,-57.201655164125285
J,G,-38.584645235471214,-67.89719452578527
J,S,-21.989229234336257,-87.03848943208595
J,F,-18.210310571819196,-116.06690537973478
J,N,-144.8742418682294,65.2060669470346
J,S,117.03893176607565,-130.97764596962432
J,F,172.5463674557088,-155.55867778584187
J,D,-66.28130668053196,-38.90431884969423
J,A,-42.21125647496096,-59.893835024432335
J,A,-34.49404654524603,-66.53841302793211
J,D,-31.645136967455095,-71.0440293777446
J,E,-39.59996970551105,-70.97917130230785
J,L,-50.354429443471524,-57.36719323447558
J,I,-40.79693127139657,-61.81149719661816
J,E,-40.29852533353452,-67.55559461667589
J,E,-40.68583087958764,-63.692654188865525
J,L,-39.20683464923094,-64.4681464493258
J,K,-26.679455006217733,-64.44754193058462
J,K,0.029885529040700402,-82.37860873230838
J,I,126.41477247768739,-91.21289326341596
J,P,133.7125744096042,-53.791721567633076
J,P,-39.4915472411733,-56.714259477172476
J,D,-32.111320838808645,-71.1348315420995
J,D,-38.18941708141671,-71.75517372357501
J,F,-35.65223008667773,-57.54089801295399
J,Y,-60.51195539374343,-47.37325288822879
J,E,-41.22617676942246,-62.966824452308906
J,L,-29.47166821099569,-57.79430999066
J,F,-30.707487061387415,-72.54777813414762
J,L,-20.172404365340004,-60.67191305167557
J,R,-66.0130649891791,-87.81646895242062
J,I,-41.97566177878163,-55.95552971558399
J,S,-49.90899848345636,-62.97360427705151
J,E,30.742985539202163,-76.72388967506362
J,I,-52.89043078781357,-132.75354850874533
J,S,153.01877777557186,-97.47178096150874
J,G,92.18908978830625,19.124541396991095
J,N,61.749110073402235,-103.07107240949881
J,T,172.64041174203126,-61.69420196136878
J,V,-37.15471908244914,-69.42544088755966
J,E,-35.48103945209496,-66.89269950444992
J,N,-32.24339100035111,-72.8398178945035
J,V,-46.0677180225854,-71.94884588727895
J,E,-36.904048839733186,-60.6903258128991
J,G,-47.70164187994732,-57.017424752840796
J,N,-38.919351503541755,-61.07607639475337
J,V,-46.634666050561876,-64.22069857282659
J,Y,-35.68197624013491,-63.14186852871536
J,K,-45.4362058224076,-64.2584727766017
J,I,-34.079349274742825,-68.66874250811216
J,L,-33.3667235894869,-64.25889385232092
J,S,-24.210450555850713,-71.43854516417208
J,Y,-35.43231303406323,-77.1749229803768
J,L,-36.34640622384315,-69.17567753502561
J,E,-36.043033226455215,-66.16785296375177
J,Q,-27.659164147499947,-73.75036473131279
J,Y,-48.06026588044967,-69.95313865458941
J,R,-20.4991531865114,-67.01790911732402
J,R,-11.425208461478661,-72.55512526136476
J,G,41.4844287574928,70.42902203183898
J,D,-11.329031853322359,-84.9504504931295
K,K,162.21476601237808,-76.0307638667133
K,M,135.55072268177165,-134.3529421379532
K,Y,141.32537831760348,-129.48035548047326
K,S,125.44771855832802,-94.97194242514652
K,C,159.89809421575987,-130.01260407319893
K,A,149.87864224617275,-154.11503190903738
K,F,148.96918701012166,-116.43753681867511
K,E,136.3864836827102,-113.62536666871391
K,T,163.92078491738613,-133.00206457754192
K,T,161.17361287951599,-88.69343235484526
K,T,1.27780336301433,-108.38292658218236
K,K,138.33480812815287,-86.50351549049527
K,V,-41.07390081974846,-62.12059400978431
K,E,-19.859221567932728,-89.0739820079546
K,D,83.4039398609742,-127.96760727632297
K,C,115.12771327818908,-119.72861381293036
K,R,160.5964715399048,-162.73886661921998
K,V,124.8262329229563,-75.70799830830784
K,W,-12.038656886858597,-105.13693016696287
K,A,142.58246702036482,-152.0345646523935
K,Y,159.4489692216928,-131.50463400264425
K,G,133.76690106685868,-150.8033484195064
K,Y,145.26624671802378,-128.1799547592211
K,M,134.42292341164435,-139.5021890329077
K,N,118.98208797344452,-64.53018729131831
K,I,-35.56213647174538,-61.39957222322067
K,E,-12.880123642196265,-86.3281294475613
K,D,90.83560169501372,-148.30705871639643
K,H,-4.372853971496091,-68.78215234528014
K,S,-15.278601671268676,-81.87765475688153
K,E,97.65190340095647,-100.76523117272022
K,Y,155.45030394712336,-148.85722151652786
K,K,137.96738185439466,-142.07225738354936
K,I,123.22887356629208,-124.5927530949733
K,G,177.93066003484276,-134.09690846019882
K,N,18.523673464234275,-118.58910360439464
K,S,122.21680015492869,-132.7497298780179
K,L,-38.41548040444812,-61.26186688371819
K,D,-41.925331391114476,-59.596240027120295
K,E,-47.92066899415294,-61.54976386243299
K,F,-54.21251303969378,-61.41728140612275
K,M,-36.678074148103285,-56.42327307652352
K,A,-43.75852867026234,-59.985572883034834
K,W,-44.177152761711525,-64.4556440529664
K,V,-47.05048887864507,-50.4011395054604
K,L,-18.575323685536382,-68.38203709404152
K,K,-35.13461938993617,-97.78231680072301
K,V,-20.724514402769074,-67.99962781765575
K,Q,58.83418224509982,41.06872836166728
K,A,-176.6452982850143,-134.82393296458682
K,D,120.11354651204515,-105.85774091837972
K,L,146.38682923278907,-106.39978559506409
K,Y,129.47099500292745,-122.94524784021151
K,F,146.58473064405175,-113.05056523091663
K,H,98.26536845407118,-96.30203226998654
K,N,80.75557105905654,85.05568791210322
K,L,-27.362806008958852,-75.12589959330856
K,K,-36.734239196497484,-45.9743986319928
K,F,-65.18949119280568,-87.92646986238009
K,A,-35.46903416153899,-56.710158974074986
K,G,-44.27016103267365,-55.83473887740828
K,A,-32.854855678242025,-55.04780875418492
K,F,-34.11967883429151,-74.31870243061182
K,I,-48.76205558343534,-73.00355663226433
K,I,-43.05374313904292,-57.75688797818365
K,N,-39.10861974186631,-56.975926817095775
K,W,-40.96995744605675,-74.38411405898627
K,L,-46.21361629334811,-60.56610708077291
K,E,-27.28955383454546,-66.83971322877407
K,R,-12.328097446353853,-83.26451031109714
K,N,39.67893122289771,-121.9929427379379
K,G,30.562482450241,76.6591352600535
K,F,141.60913098210173,-116.75887686960169
K,K,161.05401165249222,-123.36236078701485
K,W,129.9294891836877,-79.94958249522192
K,S,133.1254789695787,-148.1377838327163
K,A,-25.19985995827732,-76.48651394829577
K,D,-0.6462570185253643,-88.76249372670104
K,G,48.28807314417155,65.25533696806636
K,L,169.35078774171944,-75.51109083731748
K,P,146.86459780390624,-69.10011243513111
K,N,30.07788484627904,58.87829271146042
K,T,165.56075328588383,-126.8511315957205
K,Y,158.0901855354794,-128.4625075808449
K,N,156.75459147725306,-122.69325038744805
K,T,160.21898256920204,-135.8485366199626
K,I,94.11446777824162,-124.89406544470805
K,I,111.38288193347589,-118.18861494215868
K,S,167.70203849366754,-73.87620518417368
K,R,-30.847993191048086,-50.16626478044542
K,M,-8.463240564654289,-82.59132126468903
K,G,18.021993519437782,89.45397725495883
K,Q,133.04245807672183,-80.16098746324147
K,W,124.16326850625195,-100.94070970868853
K,Y,-35.36726011160462,-108.32367398580323
K,M,139.32474117110718,-158.87604073512549
K,I,119.18355818784286,-124.69900741037004
K,D,106.466089077777,-112.78820015120526
K,I,114.68785693230002,-95.3199664758533
K,C,124.13558299632372,-101.60388462975028
K,L,-36.328293278892716,-95.40670036233455
K,G,-158.5988988945848,157.6455861864282
K,Y,131.1645642216703,-136.13582612355933
K,K,105.29318583117103,-112.16964620875744
K,G,-122.96498975423144,73.14440470826523
K,K,-13.567176670956384,-104.73262393493741
K,R,122.11437308323094,-74.3085857694026
K,K,126.71644602000885,-77.50707940718215
K,I,109.02076415504506,-91.64170272695489
K,H,161.21072393272848,-159.36371395331628
K,T,125.0393347374345,-121.886056126979
K,V,137.53080409334396,-103.80120662323931
K,I,124.92728062013244,-117.11903665465219
K,Y,167.37270584462263,-116.01879363840072
K,D,113.83477771921794,-104.37156431458065
K,S,-14.265117650476643,-75.01327430316002
K,L,-23.90009157173728,-64.83803492642797
K,K,-33.33931374987387,-78.72536162587367
K,K,-43.068895573872965,-68.65024487505985
K,L,91.94841429054009,-132.76509684594495
K,P,60.90484961613147,-80.84219679936876
K,F,156.55036826927656,-144.08471002022412
K,P,154.00399488224684,-68.67123175667693
K,V,-51.188036505679996,-48.91950998634438
K,K,-46.27331515533402,-56.309530597776536
K,K,-45.20693002261654,-56.966113584026786
K,I,-57.289824200401874,-57.149499143617504
K,A,-42.105901664183826,-53.75713052224834
K,K,-39.170023968382516,-63.77767643390351
K,D,-28.86333058568159,-90.60398055111656
K,F,6.21949890022598,-88.69345038569232
K,K,57.11675413282855,54.5320519526034
K,L,149.47195854209969,-118.70125028944686
K,T,123.5194332666848,-61.63233078486699
K,V,135.70528362489964,-136.68352830607756
K,L,142.06107611039627,-80.83426309130458
K,K,142.51954262635064,-75.53658408489052
K,G,-167.39030718431388,93.23514588727248
K,D,159.5880980351705,-153.5065419352193
K,I,130.1541211173405,-69.16104634483463
K,D,101.14107719694805,-67.24225887042348
K,Y,-16.626683096099878,-81.64111452016333
K,H,49.338501825644016,-83.09310329043464
K,K,133.3171131702098,-138.61897941507775
K,E,124.41462136498689,-82.38139952290555
K,R,94.01100941909732,-127.70806398796486
K,P,174.4031235901955,-61.73899302380892
K,V,132.03340181848023,-67.33787246897474
K,G,1.5623290497978515,91.25245369752538
K,Y,129.13775401632535,-45.98644549137651
K,K,122.27052016277186,-89.12631870089415
K,I,127.41431436146574,-64.76721215349019
K,T,159.82780880322542,-69.9909940795321
K,P,-38.394694558612635,-58.55021625800239
K,E,-40.23825274522917,-64.74082194074124
K,E,-40.75009248384281,-67.79319509762831
K,Y,-48.220113247731376,-55.56523644927904
K,A,-45.79867765887889,-57.12781498526246
K,Y,-51.55440326309339,-61.737399695422326
K,I,-49.53013230800505,-54.98854895148217
K,K,-44.43945085131221,-58.28545418230125
K,N,-42.01670067738715,-58.31677811717459
K,D,-54.29306914100257,-61.071198499446496
K,I,-30.950774003846345,-64.8941357442977
K,Q,-36.906706136534254,-76.49069821690658
K,I,-45.17395095959424,-58.47582379733679
K,I,-43.515606475521466,-67.71802047138875
K,A,-44.757449061542275,-52.95249067711481
K,E,-45.87656523197695,-67.15024581768768
K,A,-48.18918235238991,-63.582222051390175
K,L,-39.2003167597668,-63.79357636179334
K,L,-51.78171913753842,-62.06100619536848
K,I,-38.021055279335634,-48.951180056871344
K,Q,-45.44613936668861,-72.12847948437917
K,F,-33.316989693526665,-61.958976180656116
K,K,-17.353037273026533,-69.96637039665423
K,Q,3.2911221208487094,-88.60719261747684
K,G,11.741833367977245,79.1659851195549
K,L,97.77995543318177,-88.50306584082962
K,D,1.836227549488834,-126.81114806470654
K,R,177.35837120424583,-75.05378238647843
K,M,-40.47604058408509,-68.26835233396696
K,T,156.40532661253295,-126.24787650495217
K,A,-43.47266055332342,-52.214857403423494
K,G,-41.97054979545933,-58.05622231621809
K,S,-44.3100847077132,-69.51687247159121
K,D,-46.38142409367141,-51.116239233307795
K,S,-50.69952283807142,-59.970169731760755
K,L,-41.74485881245691,-61.35089207813145
K,K,-45.8329880493592,-59.26247255608894
K,G,-45.433254038988736,-58.69068789761295
K,F,-39.468326794520635,-62.092590288524825
K,K,-38.64781799353322,-68.8424970698667
K,D,-40.88680146689036,-60.99713150801476
K,I,-48.685160146381335,-73.83363632178414
K,I,-28.825909194312217,-70.88400956474428
K,T,123.27557220700923,92.0181018270876
K,T,-40.12580386672467,-46.70880715206168
K,K,-52.25966412637191,-57.20235347182465
K,K,-38.564500978425926,-71.19294618427902
K,F,-48.71894749348628,-54.93255433579617
K,K,-27.551417918238165,-66.83111558707787
K,K,-48.35712546850402,-76.14303528378035
K,V,-29.257862898143816,-75.05588752576125
K,F,76.85066262473373,-121.93055128461417
K,P,153.41023167465292,-76.67435860128369
K,T,127.75448329807509,-79.53557958923948
K,L,149.3121404166698,-90.18455166279597
K,S,152.59680355549125,-55.11800220726369
K,L,-34.60242976181748,-59.746026687094705
K,G,-38.56836001757878,-61.29815663634916
K,L,-46.74175080844801,-74.91745641964565
K,D,-47.9145592615962,-51.117381953152744
K,K,-44.082826666513235,-56.55278763856378
K,E,-43.33505393720569,-66.0025203351848
K,V,-42.24653485879503,-58.28860905924172
K,R,-3.2147509790028628,-79.09130084554249
K,Y,-25.578299841451255,-68.71357800391571
K,A,-6.7451614838484355,-86.47750263025864
K,Y,131.98610878704287,-74.10106310267048
K,R,-23.416944589013756,-133.07580961430133
K,G,-119.24327436480498,92.67279360279326
K,G,156.87798997874685,-119.18690999426092
K,F,109.15633749395904,-91.16315627262672
K,T,110.37509711043322,-123.69416822918556
K,W,139.77349738448535,-141.63542299895158
K,L,134.2142289912948,-114.58008371696572
K,N,119.43902233952849,-68.92067312575482
K,D,-34.90335886937074,-46.1512744959557
K,R,-30.885636056094377,-56.23503617115739
K,F,-2.0342488437471875,-104.90279411340033
K,K,129.15645402017716,-57.09611225365562
K,E,35.29771674748659,50.8709378568095
K,K,136.94304585541656,-119.42020356830122
K,E,111.35884795945934,-76.25759416222031
K,I,170.85793442801298,-100.53315877598247
K,G,-137.38352874161072,-89.76205615568352
K,E,141.6964570983774,-72.5120692116643
K,G,178.8243877006786,-157.4893158005767
K,M,160.39633194043645,-142.9658343812589
K,V,139.95143809291798,-119.20979830964578
K,F,146.43920889097305,-120.39525457944166
K,D,130.17991081717778,-138.6487399056327
K,V,134.80040321670177,-72.15831506550101
K,N,102.37016051109441,-76.80968259833504
K,S,67.39924759095666,55.82557279646049
K,L,-51.74269396113288,-49.71053356564053
K,Y,-52.17615147449623,-70.78428601253913
K,P,-35.52938151369653,-53.15830712297466
K,A,-46.19362300913003,-60.71813735310265
K,Q,-40.78132175770892,-62.66243655035272
K,M,-24.27309470012045,-67.25623070108698
K,Y,-37.80554281697653,-84.4516743770307
K,S,-32.02272947060317,-118.57478405907483
K,R,153.8417510502341,-71.86705520874712
K,L,115.35228833961747,-74.04033887999498
K,L,150.20386615407938,-123.17806721599207
K,P,147.77108354021007,-75.35556759341068
K,Y,157.85977415521785,-145.67942212943646
K,G,-167.26477276153398,80.96002655631757
K,E,124.33165826131123,-70.94770732978134
K,P,160.08472596349316,-70.73612090521819
K,I,122.56918136048036,-120.98360474713775
K,V,128.7000056983567,-70.76799859244075
K,F,143.48720708858903,-125.72414893509173
K,E,149.55756599075852,-88.71226126988167
K,G,-156.13373774068788,75.55624717099576
K,K,145.26004056446237,-72.63391934132656
K,Y,131.57204974610832,-74.10160712894364
K,V,137.96622854412846,-106.3269889749349
K,W,130.07363508028916,-47.82229128806615
K,D,111.32647293314072,-136.7262248144229
K,E,-30.419711083613638,-60.563184702256365
K,D,-18.13412525707972,-83.89253109101783
K,Y,63.095022170343746,-126.74720112273782
K,P,-15.683139382304393,-76.94444841343045
K,L,145.1780631248931,-106.37242828843502
K,H,158.0720842097647,-154.09689657391834
K,I,135.71012413202126,-115.01341607160207
K,Q,117.81565242403069,-126.35536970194629
K,H,108.69426000268956,-80.09495753940085
K,I,166.67139138356512,-116.47997469479301
K,R,139.86491026439387,-146.5805092485642
K,C,169.46589344649527,177.12580271620584
K,E,155.3545960264097,-109.28970921912638
K,F,151.4808973507063,-152.5200863938661
K,E,130.70926647958902,-132.38343223069236
K,L,133.7802357582187,-62.11751049011124
K,K,154.35222452795588,-68.15182851226373
K,E,132.68535156942104,-73.70077344144156
K,G,13.26565472206131,80.84025217784935
K,Y,156.82791825968312,-109.7912382914079
K,I,138.111128321416,-84.81347892024733
K,P,140.31912067989566,-66.55100968771595
K,T,-40.71646272097449,-116.16968317490449
K,I,137.7035175033903,-87.02971098919411
K,Q,125.40416336967589,-129.0162938691201
K,I,117.38168229334326,-99.20454437505992
K,K,-79.58450229083934,-75.71442272578358
K,R,91.52918119181493,-100.91706514629227
K,S,143.27709859883313,-145.41720169348648
K,R,-4.419516924320501,-78.06758121311401
K,F,2.916541061817351,-113.91984549784937
K,Y,150.6527719981645,-131.82937451962397
K,K,153.9539379109463,-74.96556264028048
K,G,-30.32499558797093,-102.47794236151194
K,N,-16.8552265362781,-81.29397216549843
K,E,145.38084123059784,-104.33097156381194
K,Y,135.39070558416336,-80.54118194046654
K,L,139.4361209568116,-95.20303776722572
K,K,-28.667686646888654,-85.02634409768122
K,S,159.86615656667954,-157.41387265095827
K,S,-16.24135791951424,-73.35458056337566
K,G,15.955418453793364,70.81849654438757
K,G,11.490594519271465,82.19979842140883
K,E,157.41511135390726,-120.54378316958027
K,I,122.14510825545986,-84.79354345500272
K,A,143.61644182381423,-78.18348302005714
K,D,106.75321153797371,-132.16699642664173
K,L,156.39362501029774,-133.90208511667035
K,W,118.77744125950285,-111.85155623082318
K,L,137.16210526695218,-126.19382009298602
K,S,160.7880750217937,-67.97587558596439
K,N,-30.441507625645887,-63.91031544491307
K,V,-49.94117762529782,-62.51709826008301
K,D,-41.82949281220021,-60.72107822030734
K,L,-38.1277707637272,-72.59686154047684
K,E,-34.828969395292795,-69.21442865312868
K,L,-40.49278217508258,-66.2543964992467
K,M,-49.446354007909434,-62.875528500284645
K,K,-38.355414026786875,-54.594903930318196
K,E,-37.06173616204469,-68.68119353681568
K,H,-17.004671208117763,-94.33714774221222
K,Y,154.74307037732135,-127.31755182637495
K,D,119.23613285981045,-91.94023108230542
K,L,144.89725811531397,-92.13582123107132
K,Y,144.92692707504847,-132.92421253168573
K,N,46.41840921912647,50.35831309007117
K,V,126.31391032241662,-69.74322569347407
K,E,128.02233002997212,-117.95354730607058
K,Y,110.46997638193896,-97.92382680200531
K,I,-57.41553196782213,-81.28116163154144
K,S,-167.79470490220578,-173.98345032097322
K,G,-174.42895083595542,164.15770214921534
K,L,144.18712772149564,-132.18042066068048
K,K,148.64003636592474,-122.49183104934694
K,F,144.04906823340926,-127.92884421014166
K,K,151.01067533623646,-63.610588445693594
K,A,153.81885144781194,-143.71814602466614
K,T,169.0864952975184,-162.21503410999375
K,T,-13.305281199470224,-117.16403766345857
K,G,-1.7406459567939068,-88.25671664380009
K,L,-28.529812208657326,-59.245622882018836
K,F,-3.380005201257897,-116.66076646743093
K,K,-53.74316517689197,-53.575717002735395
K,D,-49.09445586566006,-55.65168068026141
K,F,-49.73617576900599,-58.57307356565083
K,I,-45.71962121812867,-66.73924045128838
K,D,-51.6891281243125,-53.99242900176287
K,K,-51.531762319198215,-50.50437001593883
K,W,-28.12676121032614,-85.38511263163828
K,T,-37.833486475391126,-65.82735825208624
K,Y,-59.08541977796136,-58.48251168332904
K,I,-37.4335270000698,-52.81704799008805
K,K,-48.42449809484259,-66.46234810716643
K,T,-33.09879894818621,-74.50339939959495
K,T,-27.800739658337516,-66.55985365401229
K,S,-179.3781586449595,-115.85892309192033
K,E,163.01398269193444,-146.9972522734008
K,G,-136.042377967927,70.15944328596018
K,A,-54.7688318236545,-52.16493222836695
K,I,-43.96660790006377,-56.12812344298992
K,K,-43.222438449667834,-61.3974733075441
K,Q,-39.162821633094765,-65.68486275578293
K,L,-27.87828875845356,-71.66749865432938
K,A,-44.6307194726403,-67.70806617541014
K,K,-48.68302291703621,-58.15212419272703
K,L,-34.98234168655068,-58.92440995877791
K,M,-37.74217665648704,-69.2374096687684
K,L,-39.29371250355756,-73.25013076072717
K,N,-18.50534435819162,-87.28511613369679
K,S,-12.57701029901007,-89.1964808506968
K,L,-59.71349851711706,-67.19849253446395
K,Y,-48.98323807240226,-42.7367832911651
K,G,-26.07875459090361,-53.08677955282505
K,K,-23.666619316496558,-70.01298967469792
K,F,-29.46266498882499,-86.91756093352659
K,A,67.07252511946947,-96.64390130206866
K,S,149.95817181891488,-135.63550675044175
K,N,163.94547192300723,-88.98522091877315
K,P,7.0483285863698475,-89.10639998399243
K,D,124.3591203236521,-84.6916145868143
K,V,25.697191108988452,-130.5110605462638
K,T,126.03846849560959,-60.315487239802025
K,G,166.61927847869146,-104.4296078255255
K,K,147.00841324993988,-96.90937701305195
K,V,125.38570358364356,-113.22753221697349
K,P,148.62028172874247,-74.60521857068812
K,Y,145.66286655630972,-147.1727807589417
K,L,115.4927330721858,-74.60677678298663
K,K,166.97034226496896,-69.53509934846005
K,E,-39.215033849315176,-55.42768200302314
K,N,4.504660640004087,-92.9585061192799
K,G,-5.418720047894388,97.84429653833115
K,A,173.64451345530915,-86.7947093357949
K,L,133.04649160719177,-95.21056220652888
K,G,153.90478382910123,-116.7869184502418
K,F,135.55397185438588,-128.4216502769157
K,R,141.48921510335435,-126.38678800612126
K,L,134.12310642047873,-55.860072621562736
K,G,-156.9184517441978,-90.82181433518645
K,E,137.72935384673556,-60.272470332654635
K,E,130.64050847903133,-56.56449628470884
K,E,140.5366844008374,-142.5585436311003
K,T,136.83989712616463,-127.0174367017943
K,K,156.17228266411814,-110.07286371512518
K,D,131.87274709469546,-67.45777133991707
K,P,149.81914179417544,-71.44952469222082
K,V,-54.11600219107144,-76.45997718543698
K,Y,89.92688990085217,-176.86345864543975
K,T,-33.4923474648892,-64.61978186073745
K,P,-40.380295779960086,-53.29930352802739
K,M,-49.0582482446249,-57.921873710293696
K,G,-42.131617568650114,-56.24869205691088
K,V,-46.8148968283363,-61.79565532816846
K,F,-33.65677538390856,-78.6425883395311
K,I,-45.814578971767475,-59.576323943428875
K,T,-39.952937685062004,-70.9686046523755
K,A,-45.54622091559913,-55.06025958404114
K,W,-40.31215392734479,-67.29367449008703
K,A,-46.77819034739253,-55.77072617382717
K,R,-39.705568933996645,-63.2220997332469
K,Y,-43.11129669261063,-59.110198890778456
K,T,-51.8313677832203,-61.10333888689528
K,T,-46.032462875476284,-69.5119449183261
K,I,-38.597249799639506,-66.05495393620149
K,T,-51.86142130709277,-58.78604822657014
K,A,-45.60067644093743,-63.07823465810362
K,A,-51.264841761359285,-54.389195459931635
K,Q,-44.156422239357475,-56.42491955939969
K,A,-21.878313533783256,-57.280587410873245
K,C,28.780936305120633,-113.14620124990562
K,Y,-42.437013764237264,-50.54903101757188
K,D,-9.764490386288339,-67.43574584456901
K,R,-1.7948615774261416,-129.3963123630264
K,I,131.6465329273272,-72.14364101031241
K,I,-46.813896388080956,-107.7988019303458
K,Y,139.99823988639477,-160.71282806818363
K,C,140.16827299298745,-124.9725704322787
K,D,99.98966244569534,-141.1926848778024
K,T,-77.81257849652583,58.04266210829377
K,D,8.342616743353176,-116.28743801881824
K,S,149.64540177551592,-132.7081359639829
K,I,134.60285966382295,-122.99944148192911
K,H,124.74419403320893,-113.58185511031924
K,L,151.61080206274966,-119.75281495396348
K,T,139.58403607386185,-74.93811940395298
K,G,178.73033369982616,93.5867652126596
K,T,-14.845745044624206,-119.88218028715693
K,E,143.99475591066033,-85.89950785175174
K,I,123.68383339955629,-72.99165268294453
K,P,136.69263968233145,-70.0241232718198
K,D,-53.48099018018788,-47.27669288346329
K,V,-27.337229082797297,-47.58822500905719
K,I,-3.646807039208266,-115.11800959335011
K,K,-40.238456400220365,-50.21958884707148
K,D,-12.449178569443937,-74.48611577247303
K,I,15.575588752091193,-114.64255762518357
K,V,123.18077962938213,-96.81768118109986
K,D,133.6109051232528,-152.06800269997572
K,P,-33.4958821301303,-58.502448547657586
K,K,-35.68295560153567,-122.51050395122853
K,K,135.85738299763182,-52.853447694950766
K,L,130.73160592324075,-59.589997618718755
K,G,-20.52867085046269,87.89196370338168
K,Y,161.6890884144326,-79.2424351102937
K,W,133.03709274685812,-91.60761846346522
K,A,138.2377124389599,-109.61006171928803
K,H,98.37783788579756,-69.12736614008945
K,E,-61.41319600575847,-69.29010370401427
K,S,176.53024298705824,-158.92904358011285
K,T,131.62112869665887,-137.53180422518543
K,F,145.33910750854045,-111.37715466273318
K,K,-44.73605050604194,-70.24230108544356
K,R,155.64981896400178,-155.57497327630813
K,A,164.0575795692427,-148.27324214419409
K,K,119.0290626844057,-149.3188473482092
K,Y,126.81688624306908,-108.92431560611087
K,L,-28.863272324848037,-92.10025866154912
K,R,-174.15367731541448,170.17359762980158
K,Q,127.6923676096115,-43.125092202230896
K,K,15.77930581498683,59.720600452352656
K,T,95.37076657435975,-131.3185928340935
K,Y,163.4331545197896,-158.7580426736919
K,I,148.35917537410754,-132.1259730655932
K,Q,150.2260727829862,-140.33092273016868
K,D,94.54889528916561,-107.7618363200418
K,I,138.96021654752698,-83.58388081199348
K,Y,124.44728128912514,-73.80623954804888
K,M,148.13792772866066,-121.48790988827538
K,K,136.00455963172206,-133.91129644685347
K,E,118.613431885117,-90.03936238776649
K,V,92.4037748321007,-121.58912453263056
K,D,74.16990761445585,70.76819576887132
K,G,-50.04696198209676,68.44793482807503
K,K,157.9158214586546,-78.12945354378837
K,L,126.85317250468303,-111.17593204123024
K,V,174.6165430448846,-125.82213813105882
K,E,128.29454358576936,-72.21384335253873
K,G,173.40281640975599,-119.80325636378537
K,S,174.10306658630373,-93.29173121352173
K,P,-25.64734211123258,-61.84648355981893
K,D,-45.04991487918761,-93.19098699621986
K,D,89.65580411341193,-99.40083442377855
K,Y,157.51555462192883,-161.64208091414127
K,T,-24.213031359084976,-131.06262617092108
K,D,169.13680479873813,-138.71955699215178
K,I,116.47605674373563,-120.04100147739429
K,K,121.70848509308232,-90.31321272500215
K,F,124.04719599773651,-92.1601492180814
K,S,133.4512395780151,-124.19140089674801
K,V,133.91964644992305,-118.66402231471224
K,K,119.85450108378978,-125.34165610985842
K,C,127.66909535172617,-160.25510018043136
K,A,125.5167586914025,-62.09100384299743
K,G,-11.586594173882396,88.69522273642112
K,M,124.82138035319083,-79.69617041344186
K,T,169.9900173878872,-75.62291732424649
K,D,-39.589158505232774,-61.60159851508628
K,K,-44.39183126702395,-63.63332382887084
K,I,-30.094487770863708,-71.26403666776315
K,K,-34.01214783994932,-59.9142963133969
K,K,-17.176052177131726,-69.83229719080435
K,E,-24.761407634254137,-80.26118142937955
K,V,133.99930854646237,-70.53377653373816
K,T,174.3983206107633,-125.63918231043282
K,F,-26.46935923739834,-63.99976173685033
K,E,-39.56426952497063,-81.12604970745241
K,N,-7.923516975953853,-91.65513965110117
K,F,84.62705233603253,-71.70073075301478
K,K,162.21754089136476,-138.11421664815398
K,V,120.28631762238355,-63.65473625390906
K,G,-21.30163274866171,119.03588962074589
K,F,126.85877151111694,-49.910186547473195
K,S,133.67311036146228,-143.25559764570787
K,R,132.92812400142265,-137.21527215400312
K,K,68.47484539035395,-91.95747385566153
K,M,37.35658985943704,-149.4544523446117
K,K,115.84260837071912,-106.14582254725741
K,P,125.59804181972554,-62.847088538564336
K,K,141.6616999153435,-111.50651358964927
K,P,135.47381249855596,-85.63469260117016
K,V,120.60562758742276,-124.4536626166879
K,Q,125.24757870512741,-71.99596908120203
K,V,159.16814841020175,-136.89270497488116
K,P,105.49395563792713,-49.06256947761447
K,G,-43.31900066091251,126.13075372165477
K,G,-135.27295451795894,176.33935201351025
K,V,141.29042967277596,-123.08671114950243
K,V,141.68048353892056,-123.4585807674906
K,L,130.9352294649517,-87.46453303186318
K,V,142.68289409257795,-127.43982371085559
K,D,137.27292560099735,-63.693226672752395
K,D,151.6292109309516,-134.2029044938937
K,T,120.26606775156566,-78.32660075017392
K,F,139.52845884876612,-102.7335350628362
K,T,139.1834306937471,-142.9264732573549
K,I,109.24069846668277,-77.87644579795398
L,X,4.2885620742495645,-102.47925757047535
L,X,6.955720682350296,-89.45365622235995
L,X,-56.379862668018816,-79.90841897762944
L,X,-19.444448630581565,-75.32484413845151
L,X,-19.947458031725045,-72.03841122486472
L,X,-31.554410027666236,-101.5264745911138
L,X,-28.540108516177266,-65.73227580266551
L,X,-57.17239354056227,-69.02034664552156
L,X,6.635086746210354,-65.20133617135453
L,X,-20.597262283238997,-114.12525703969989
L,X,8.800265407242826,-83.34535891925924
L,X,150.15364385868594,-22.921926917403553
L,X,23.011979161493894,-98.90155188361433
L,X,-14.48391652070207,-70.53864854756993
L,X,-51.1610613785716,-69.85080844072728
L,X,-21.26881417705805,-77.29419546759875
L,X,-27.35400789801753,-84.43086859926468
L,X,-30.91994538014322,-78.10838740791694
L,X,-39.839250238327864,-68.58435326771487
L,X,-37.38710075077502,-76.54577753486933
L,X,-21.424817669627135,-60.60823644543101
L,X,-39.746369914577194,-105.13077212243726
L,X,-42.57813377276721,-59.89908922243335
L,X,-4.488617505438112,-83.28382172311525
L,X,-16.366145843625674,-92.49681213570068
L,X,-23.767851791020288,-111.39175767046002
L,X,-43.93300360957846,-89.67588438797932
L,X,-3.7504282704570535,-122.14435722732578
L,X,84.01709051168568,59.35731498906676
L,X,153.3352990806377,-149.54303350239516
L,X,174.50002320129903,-75.39769170417172
L,X,127.23989836271595,-123.25381984206322
L,X,86.2831289161174,65.16312360857262
L,A,-44.49082834355851,33.95104944842169
L,N,99.35159006076054,-97.24305965554939
L,M,8.740091860425908,-81.03332598661305
L,R,-27.959180217763496,-74.52149506806813
L,Y,25.744254505165795,-120.19600961173015
L,Q,121.27051421795628,-108.41796280595815
L,F,170.2830292949426,-109.03543186164622
L,E,126.2184655468018,-145.63379336875974
L,K,135.62178070478606,-100.97647184201998
L,N,-176.59286858375395,-76.59097810957101
L,A,-23.555290246556606,-77.08018861678842
L,Y,13.127798411185829,-103.46017776379794
L,G,11.69763739622229,75.09491889317326
L,V,131.73974422837463,-75.82395492305713
L,V,127.17860035759723,-121.07974457347692
L,A,146.6855872876106,-142.20491606103522
L,S,151.99908918207464,-64.06215188957798
L,K,-30.55857387766682,-64.03084878464188
L,A,-41.40949698966549,-69.8222071767735
L,K,-37.86834562761367,-67.98396850868276
L,I,-43.78595404533517,-62.35223087163221
L,A,-35.26441133783018,-63.384976251370965
L,E,-48.42897115878813,-63.288326626441695
L,I,-34.26390001074005,-64.570598696278
L,E,-51.97273801247433,-60.99764901800211
L,R,-47.14087414206607,-59.824675506032136
L,N,-40.58438379046654,-58.21248175608289
L,T,-50.258237922272436,-64.147326182563
L,K,-37.133328595161956,-52.90621505303656
L,E,-50.018219022127134,-66.7993131461995
L,V,-42.42025991788221,-54.37503960153779
L,Q,-48.380007234888694,-58.05613464276721
L,R,-45.494274172906984,-58.85956921510488
L,L,-49.47781574434436,-61.63591118846888
L,V,-37.796130512965334,-61.36832943851906
L,D,-52.70956037124892,-61.9025423242688
L,E,-43.13872067311205,-50.85222025251018
L,K,-37.480433626997964,-73.12789722379111
L,I,-44.73989386218875,-66.62141136483497
L,K,-48.287120719501786,-60.041686425410184
L,A,-39.69866218175335,-51.46469334060514
L,M,-40.583489535734486,-70.06365818257086
L,K,-36.01130135000436,-58.324986726729
L,D,-40.488833869611476,-83.15668845425358
L,K,-44.66396903734199,-55.33030798406006
L,E,-46.99696793946366,-56.46001833684743
L,Y,-61.37950158606473,-76.23076968370833
L,Y,-54.722008184142766,-77.75748141116868
L,A,-65.05619687164337,-97.29656277956697
L,T,89.23999258393683,147.80655662154481
L,G,62.544026910604096,-72.33971811135599
L,I,101.21533760554858,-101.69145547905306
L,N,123.21848930905114,-110.4537618338528
L,R,113.70478666254968,-81.241966070759
L,P,151.49117779118555,-61.640503773988605
L,H,155.9975033760713,-75.38376063664452
L,D,139.68650513811627,-51.609460648138125
L,F,122.57558808100595,-70.24218768498369
L,D,98.47624683545402,-124.36723661520071
L,F,-31.49816042626304,-58.632149842875506
L,S,-19.66412001946355,-60.51643635152725
L,K,-1.6067914494055424,-96.02370055878788
L,V,118.65234694943207,-83.25560116070189
L,R,-4.5744406921573475,-99.785963074879
L,S,162.955528316876,-159.56356500223046
L,Y,-34.67322981160254,-68.79310111056859
L,S,-37.34899406343698,-62.789393012480474
L,R,-48.08524718638471,-63.44479147040598
L,L,-38.41965707776035,-61.18451385265811
L,R,-36.59385580754231,-69.8901896474657
L,T,-41.835525942469275,-69.4596605858034
L,L,-51.1158310849051,-64.3715504185566
L,E,-55.15455230309327,-49.70143336134645
L,E,-46.45603686996981,-66.53273990349334
L,S,-40.90039940209667,-72.99705944401104
L,M,-38.45803815069856,-59.50283506473323
L,E,-55.97857358033489,-65.46013969134644
L,M,-30.25560725093596,-55.60948085537583
L,R,2.8929594832292285,-85.69199391683509
L,T,-11.219502685203171,-87.94368920676433
L,D,131.23097285831108,-55.818647030052546
L,P,-27.81010135788833,-65.1974019911893
L,Q,28.455393207980737,-102.04876568337961
L,Y,-56.38308661875047,-59.772034851339136
L,Y,-24.542953258503477,-71.62483778103898
L,E,-43.409544032104854,-68.26865850978567
L,K,-38.66208336216262,-68.23407196442317
L,K,-44.58832918112429,-60.957079953143676
L,M,-48.190964149902356,-54.46855000230206
L,I,-44.56832146196976,-66.53763807736927
L,Q,-32.37572483681751,-63.48311376851382
L,L,-49.43617383099802,-62.24059737865403
L,Q,-37.51608653255531,-66.08567361992598
L,L,-40.658238989322854,-65.8308864905041
L,N,-46.036027168910366,-65.24753654115557
L,F,-40.98362111956146,-60.61337429978947
L,I,-42.47359423628296,-62.004699841145616
L,K,-37.66824141915547,-63.43445158987902
L,S,-39.925835534654645,-63.10096234363333
L,V,-51.75252757776887,-65.43562915103696
L,E,-40.2218324803532,-54.385457435339546
L,G,-51.07351594275571,-65.46394404308305
L,S,-19.589251877991472,-76.51589455443688
L,F,-17.457120210754862,-117.47124272494685
L,N,-161.22405581688673,59.73548736186872
L,S,118.9511740854695,-114.18656197312141
L,F,168.12867341275646,-157.342685020129
L,D,-69.68049826813635,-30.68434039732612
L,A,-43.62435330773497,-60.977050553683824
L,A,-42.779904337661335,-61.52723479618354
L,D,-30.426460533859142,-64.4617780098394
L,E,-40.3702707256718,-76.4104659446806
L,L,-45.86328969222973,-57.4649723019022
L,I,-45.33751135175025,-61.66577956474628
L,E,-28.59902710746949,-70.27286197321898
L,E,-39.70252190457818,-71.11217118521087
L,L,-35.82251519817314,-67.8413918122269
L,K,-30.452714140942835,-61.67692770437353
L,K,-1.169001790782695,-82.64150437949907
L,I,127.69229616483196,-87.14757091300453
L,P,130.03070480019284,-55.016538402270946
L,P,-31.767693121245216,-53.348776835362855
L,D,-35.040739585756874,-81.44632306947324
L,D,-27.62096422928881,-70.82797228700414
L,F,-39.35633587070857,-62.476044046515284
L,Y,-45.92015593532854,-54.400666494655916
L,E,-39.48984863496053,-69.49478913390308
L,L,-25.595644237130198,-63.617861424980504
L,F,-28.745254025763643,-71.19787038398017
L,L,-27.429302855931137,-58.629481195597855
L,R,-65.84085370066119,-80.26198805324093
L,I,-31.3018806534454,-60.20539381178395
L,S,-59.280136154972304,-61.56236921736386
L,E,34.625419191421216,-76.6435359832881
L,I,-56.001091325210844,-131.13937150699093
L,S,150.7806405964904,-89.74766006880886
L,G,113.78765317864924,1.9023770824568833
L,N,66.82398026404302,-95.80842824276155
L,T,176.08617934744322,-64.44703491643028
L,V,-40.64738292889907,-73.5542679868827
L,E,-33.922799085739136,-67.40259217719891
L,N,-33.75794295010337,-68.79612013438923
L,V,-50.437582051151374,-74.25666660419462
L,E,-44.764553611426344,-49.185380449894275
L,G,-41.90096263830536,-58.85718843389761
L,N,-37.86083373048948,-63.620530220155864
L,V,-44.660200999598345,-67.01135024201034
L,Y,-33.787135999683095,-61.7241461509873
L,K,-50.872592339048694,-64.2374974979229
L,I,-42.70143198702029,-62.738308417893606
L,L,-36.45396886920776,-55.355147643557856
L,S,-27.053074878897835,-68.43350630805448
L,Y,-36.88292757808504,-76.71346307159608
L,L,-36.51290462005808,-67.0394419760175
L,E,-42.23856308396815,-65.3026357557176
L,Q,-26.685473134980455,-66.31776159221207
L,Y,-40.85511087795457,-74.58686128092678
L,R,-18.369779711934708,-75.30074989686905
L,R,12.930213437040031,-91.83737424167855
L,G,41.290853762784394,67.2030566043794
L,D,-8.516081216665578,-81.89874535168103
