Chain,AA,PSI,PHI
A,H,15.963910662773413,-55.772440811696285
A,H,-15.558970725932282,-130.20281503329727
A,H,-6.415367251222031,-90.78101871125985
A,H,-37.36938007616396,-90.79433061525079
A,H,-28.974418207743508,-63.561947893759395
A,E,139.12364742278587,-72.03100830600116
A,G,19.55909102303008,128.60347273513995
A,V,-5.8857444194788435,-92.30197682644551
A,R,-20.788800910071174,-111.49611533741393
A,T,135.83509263280683,-60.599955953110545
A,M,112.54218509635707,-85.8246719055636
A,E,101.07246225589644,-105.97570010999941
A,E,157.18940189348436,-36.76013860470334
A,E,102.17218798178158,-73.58283046022585
A,C,64.19672027722255,-90.40372265248607
A,R,175.0784375106191,-54.713618884434915
A,V,149.46336598060284,-166.49509502510367
A,L,79.56299998048218,-133.50396446740478
A,S,117.9982799243713,-77.66358837099892
A,I,95.97522470831704,-109.69675941015443
A,Q,-155.56064278707268,-139.3041594578212
A,S,159.62791328732862,-101.9538718439865
A,H,146.7917226192807,-126.66324626741005
A,V,143.29631810541372,-140.43880813414967
A,I,6.454122846932975,-79.44580306638981
A,R,161.36667429030712,-164.65213357087342
A,G,163.9312525291789,67.1452073116308
A,Y,111.14658990189051,-124.24150453478539
A,V,158.73561061557226,-159.43983810984048
A,G,-133.2811930663887,57.69785433431374
A,N,-15.148456972564473,-65.55897562878924
A,R,-13.66812340071634,-85.97297735268582
A,A,-25.973712216093173,-110.29664278300591
A,A,-46.36709556421693,-80.27223546193366
A,T,-78.8561750958947,-53.792688052553096
A,F,-75.3785144245935,-23.93501776353586
A,P,-55.50498785804169,-38.2908631519082
A,L,-31.164805183695066,-60.38488151870625
A,Q,-36.99197650731546,-69.7170740515245
A,V,-19.517782736264582,-72.40703823459219
A,L,44.49146391975561,-97.93262637191403
A,G,5.506497453820311,52.92219110056411
A,F,144.08743838928237,-81.48932393316439
A,E,73.93480191594293,-103.56375132390988
A,I,138.19168212350786,-70.30324156170755
A,D,135.65413238820355,-118.55899185966634
A,A,103.75347057126366,-113.93998572737759
A,V,146.01436415015826,-76.66271173574488
A,N,84.43426694912348,-120.90663366675905
A,S,-29.370105238834192,-36.35824746191247
A,V,148.01722572792906,-153.42273938672673
A,Q,95.82099933004564,-124.83300948482771
A,F,169.4843109143933,-107.56445336661199
A,S,-38.60793416375967,-77.07605168500965
A,N,166.5781638534036,-160.61770098340216
A,H,159.7090928279787,-58.14606202898979
A,T,50.77164303975236,-81.41369667168753
A,G,-6.071624016487585,-124.68717328088559
A,Y,148.30422319281166,-91.0242682531821
A,A,-28.474056736225577,-51.76252677083461
A,H,159.5230597805434,-136.18905434167536
A,W,125.74655887522314,-176.48152854028154
A,K,159.62099915024507,-129.62429338007757
A,G,-173.89129040468845,163.68961843341086
A,Q,138.3896202256908,-125.19582681926828
A,V,138.45397808345845,-93.93623873170138
A,L,-178.5351299663946,-73.13521277155975
A,N,164.20176945877424,-167.09414534364444
A,S,-87.95515081714666,-15.431888064934876
A,D,-37.0565730789619,-60.179838748011875
A,E,-26.375706078239688,-62.11909142835298
A,L,-43.01164154421857,-84.55574271963451
A,Q,-45.80964973650558,-51.648126976023185
A,E,-38.45907904759669,-64.40330951846525
A,L,-42.480481468385044,-57.092754677762095
A,Y,-33.70359315915137,-71.63225985363357
A,E,-40.072607567924,-64.70296354345682
A,G,-56.951822642662506,-61.351958007347214
A,L,-19.752532591371228,-44.970172934915105
A,R,-35.89323863222706,-95.13804485071287
A,L,-25.555381632056104,-56.25763656693975
A,N,17.83860003560116,-97.677478912804
A,N,50.36038536510675,41.073790388586595
A,M,75.97762279906246,-134.80347487375207
A,N,-6.848355420601436,-118.9757555165184
A,K,117.06602792074787,-64.06049015007358
A,Y,-165.47336856518794,-129.2734997695475
A,D,-42.084603554055974,-134.38237264530486
A,Y,171.1915140910635,-134.61457858092777
A,V,118.86020216677773,-146.85612990144074
A,L,114.16099122299313,-113.28201347790402
A,T,169.74557044995143,-118.61565022455098
A,G,-135.78260915215174,-161.0352694558837
A,Y,102.72241844880435,-59.53435742622004
A,T,138.45822323538846,-119.53940270853026
A,R,42.81933759824273,-126.98773675851933
A,D,109.10334808540738,-151.4491639441902
A,K,-47.6514075499432,-53.75355605332402
A,S,-38.887620949302,-52.34751753087209
A,F,-52.84831976237752,-73.06216840367568
A,L,-47.02813063395712,-54.20803529642426
A,A,-18.185753159633006,-58.74373835445573
A,M,-37.32239178660175,-80.50753463552263
A,V,-57.6301854003141,-58.97824797942158
A,V,-44.9862238076725,-58.47784322199448
A,D,-38.225194403996234,-59.97614771382839
A,I,-42.87017168732909,-70.1778713109474
A,V,-14.762324711278886,-66.11170999138683
A,Q,-72.57782246525854,-68.15126858726295
A,E,-27.41067026281384,-51.08847474522331
A,L,-30.430723129657103,-65.68670101856203
A,K,-40.95782051976695,-93.2625857028257
A,Q,-19.69639828681464,-58.51277241090454
A,Q,-53.68926375344339,-81.7210107224928
A,N,122.4065596355603,-105.99672430225418
A,P,-20.726835003840744,-58.54039133095215
A,R,45.01007994661093,-139.5875130089367
A,L,-169.81566384281675,-63.86764092356562
A,V,83.36134437570263,-166.02834055144567
A,Y,131.1157675145141,-70.75598860812185
A,V,99.37644413861021,-121.800513837627
A,C,135.8887913272737,-105.36151230027045
A,D,90.34836123875868,-106.14650754826175
A,P,54.427309668449794,-51.26533402909785
A,V,105.67243235655727,-53.693665270542425
A,L,-44.699590966391256,-130.85386406459997
A,G,-171.14566332765529,-173.91762671381136
A,D,-148.52468669310207,-147.2391629775507
A,K,134.10555724023334,-142.2633544034072
A,W,-92.241658065066,-74.51651522497768
A,D,-22.137361664592497,-116.51628155753498
A,G,-67.96805903175071,-136.29669000173237
A,E,173.11034739758003,-78.73932577442736
A,G,-175.58940762141034,-103.80150963877267
A,S,154.68363731260905,166.9065071143785
A,M,142.78012178371296,-103.71086739327025
A,Y,21.970145925451565,-113.41469156031175
A,V,144.4182609030812,-127.04048351036978
A,P,152.7186314973327,-62.1070434878886
A,E,-51.57597685213884,-43.63316768663429
A,D,-52.38080195957504,-27.60747523540222
A,L,-33.71520175408256,-64.9626248738215
A,L,-38.18109064727883,-62.13829615365217
A,P,-36.05736650749654,-62.51671273784816
A,V,-43.80555979591176,-68.36226986186387
A,Y,-38.620041842536864,-64.26663006013224
A,K,-73.79941857150318,-58.56684800118866
A,E,-18.71094420665149,-71.29195949494391
A,K,-73.0216311856769,-117.83470794655888
A,V,-71.98539162933754,-54.77215421948061
A,V,-47.699859362446546,-41.423808980501164
A,P,-16.33488340911948,-48.154458898504686
A,L,-12.69806363830662,-114.61908177277222
A,A,174.4987033297854,-60.54494879426564
A,D,-23.241804004571904,-148.67044812352174
A,I,103.4798542979329,-140.81986013931407
A,I,157.9842506688959,-107.64955611369956
A,T,46.9184773394505,-135.76600844756075
A,P,127.57177488189458,-52.38422153053661
A,N,165.47800203455353,-67.2167488328284
A,Q,-52.21741179106498,-44.945451036977595
A,F,-66.97875578311668,-51.335515874654426
A,E,-30.55230217829677,-40.28532657653581
A,A,-52.533841293708456,-71.92165129155491
A,E,-42.21205952568646,-60.02923772704372
A,L,-19.08128292617435,-73.33669896846385
A,L,-18.219565578190206,-86.49007091224424
A,S,-26.857417514663183,-121.76693134645906
A,G,56.97418913462103,70.07242850256137
A,R,75.05567074172238,-155.08337998037948
A,K,151.20247201195963,-35.493247388402025
A,I,113.40288111052317,-100.45201627332462
A,H,-96.0288798895909,-79.68695331916595
A,S,149.99531735101624,-86.8279343268299
A,Q,-32.92132656305242,-44.549073414826736
A,E,-25.11778597224944,-64.87999744405002
A,E,-34.48949399717173,-76.57344977850418
A,A,-33.46800249588107,-58.17683973028758
A,L,-0.005225645525296819,-79.78828699082146
A,R,-34.822237103996414,-100.4197048739258
A,V,-48.84721210278379,-72.04481513710489
A,M,-44.870979327433,-45.14164030775497
A,D,-15.295588631325588,-72.55546506819812
A,M,-41.513441940638664,-77.8128334246273
A,L,-52.56735274922586,-59.219697306388866
A,H,-53.22246255899676,-56.90417088383009
A,S,-45.26973067202525,-41.338406592575275
A,M,69.13467588639186,-102.98874980500969
A,G,-98.57548626953731,108.70948270342976
A,P,100.2774743408738,-35.66884086186687
A,D,11.094795561988489,-81.58006978212853
A,T,78.75288037421433,-159.08314803611515
A,V,144.06999515230777,-83.71521384872032
A,V,96.09559276223268,-140.95987659995046
A,I,70.56057849843339,-72.94759487033946
A,T,-29.863217079333246,-45.26990731610861
A,S,148.94483378127663,-138.20444852523892
A,S,-175.11808407697748,-171.22524210375497
A,D,-8.776548974334231,-123.5879641388553
A,L,109.10389313991709,-47.068917333615744
A,P,126.07472889690814,-48.63982453829024
A,S,136.42591263210804,-71.75746191387364
A,P,-33.49034120753297,-42.76501592342903
A,Q,165.38601047845316,-92.03238069648826
A,G,173.7803962668397,29.141523239096617
A,S,41.88775048123788,-135.67375145405813
A,N,26.12878264103362,-161.09461446718873
A,Y,123.37135749534922,-121.0158702795842
A,L,130.5937928083051,-57.668403000220344
A,I,128.55430990277105,-103.64017996505365
A,V,120.38151867702655,-120.74132309315803
A,L,113.67946979851689,-103.79287374716533
A,G,156.75499989273956,-102.02906632042591
A,S,100.73141914113329,-161.54255816254278
A,Q,115.93180995653921,-104.73443282608352
A,R,100.83103095124817,-120.8266848827162
A,R,-170.87947750966242,-137.7593727982182
A,R,161.79636302122796,-114.80403874821563
A,N,-174.22859423131925,-105.88074099253441
A,P,-89.41349085682766,-15.026875305811027
A,A,-178.29954992345466,-79.6380379922465
A,G,68.49348918621402,-64.31054392350258
A,S,105.28617721675683,-125.15491297422813
A,V,79.85446554711557,-61.37147902672987
A,V,138.7993519484111,-66.28627990318277
A,M,145.07661944193987,-119.59755705730197
A,E,114.1221437730998,-118.74605710382298
A,R,153.37713898999013,-108.36676646436948
A,I,164.99916983583478,-162.63791653508255
A,R,147.90780887255457,-165.69992026102952
A,M,140.6755363323347,-159.14619616410104
A,D,137.83477099503585,-72.65808232505104
A,I,104.45295522458842,-126.23662832106687
A,R,138.6200358464922,-54.98159564148275
A,K,-156.8850606317589,-85.08463998713515
A,V,-179.5438594868837,-134.06757404949283
A,D,25.47558213114635,-107.12178465657117
A,A,171.2662182480496,-168.3684383033231
A,V,77.21202998126422,-73.05692620685062
A,F,154.57691196031982,-76.34887652159749
A,V,153.81074475056755,-133.41533526061713
A,G,3.2574107176031286,76.32102503459012
A,T,-47.76795845180913,-65.13865146114827
A,G,-34.9269024060828,-63.87946676531514
A,D,-39.89514790729285,-70.35974607939606
A,L,-31.006130119457087,-72.58352271511312
A,F,-50.50344947445078,-71.56015921862165
A,A,-42.682733804404876,-69.39576781818114
A,A,-43.22797023957873,-46.85820276747488
A,M,-24.29619672505755,-95.48303579338825
A,L,-50.77443892495746,-54.68818773386113
A,L,-48.59992312916278,-51.594689132856125
A,A,-83.76077817655876,-46.3915806564369
A,W,-42.58067650045293,-48.91806420034842
A,T,-1.1217848300741657,-54.214283272182946
A,H,-31.502525151928534,-100.70892454042787
A,K,-11.62367854598619,-90.88884768950358
A,H,51.97611978292011,-134.04644961797786
A,P,-89.21039751557453,-31.39422562305298
A,N,34.90048827111532,-80.43909761936956
A,N,56.031408229595954,-132.3745486741227
A,L,-21.0346025861897,-49.577166276813486
A,K,-53.48285109898956,-56.58394471723933
A,V,-3.563604071847479,-81.03573490341716
A,A,-64.7913153179414,-70.35364848959651
A,C,-4.761973716262626,-68.60602425633117
A,E,-62.34615863127429,-83.49035368490908
A,K,-42.29651625608076,-62.33052995298583
A,T,-71.4474094932074,-49.969032248343765
A,V,-57.23840228057105,-42.524031206504645
A,S,-18.197698321565973,-55.14830146248541
A,T,-39.53100330275308,-76.51526606913204
A,L,-37.53282187035015,-66.90594373488405
A,H,-82.26608024486471,-49.80400183202571
A,H,-48.661396851212494,-36.90752418529819
A,V,-42.47549629184071,-65.00967487562836
A,L,-50.528084501913554,-72.35861361333617
A,Q,-19.77617486035515,-59.61950160568278
A,R,-35.31830270384631,-94.16940983172393
A,T,-24.160213774185234,-64.42406004191562
A,I,-36.12051714987855,-100.77461433134046
A,Q,-45.45308924348982,-45.154170242163204
A,C,-30.790957830936932,-87.3499652165106
A,A,-31.205086035728222,-45.853696995355776
A,K,-35.68413619819283,-50.368276822968234
A,A,-29.12348142029611,-109.95274799937647
A,Q,-29.59575281266767,-55.23104287295003
A,A,-145.19875184522004,-103.84135345568095
A,G,146.99453534555147,-82.58100715079662
A,E,-32.52114744481511,-38.74400892015153
A,G,21.201736118016267,-139.04708673778657
A,V,145.5703533852027,-105.53925970384013
A,R,135.96169137479222,-67.6018385984351
A,P,139.10070123403543,-57.66257563510432
A,S,179.14178419277746,-84.7806912282922
A,P,-28.028554308779814,-61.0322620387483
A,M,-33.896153983122026,-98.50514753873372
A,Q,-24.06979570097072,-66.10323185629336
A,L,14.095843301252417,-86.33141351700942
A,E,127.64350071643989,-70.83826467024575
A,L,154.62747999069572,-47.51734079078249
A,R,88.48134198701982,-112.93991733330691
A,M,-47.147271674643015,-78.65533065511028
A,V,-50.15580787360408,-62.22116442342492
A,Q,35.13190778558955,-69.89789028831969
A,S,17.08525701610632,-148.85949399077026
A,K,-58.29908840939972,-45.874611782809524
A,R,-47.93786532229357,-65.2326078398209
A,D,-42.163803956504765,-40.8035793929414
A,I,-38.1390099363334,-63.45447856030144
A,E,-44.07439303956216,-69.59808230172001
A,D,87.4490842237052,-131.44696807865182
A,P,112.305575970981,-74.84460430935383
A,E,121.50482502282686,-64.89829624567352
A,I,102.26114982305184,-79.17835695186837
A,V,11.611320670867268,-88.3876480235352
A,V,112.43284117399615,-148.46459013299173
A,Q,131.2319452570623,-89.97667213089024
A,A,152.78316990076078,-68.57862623673117
A,T,118.78197947147738,-126.82320652043833
A,V,167.42951635330843,-73.15625512301968
B,H,33.24173935262796,-68.64181953406353
B,H,-12.655730914380703,-110.08179242472772
B,H,-3.979011090948131,-100.91141995769725
B,H,-23.818938319278185,-77.30105607148614
B,H,-19.748293111000272,-83.36989725784132
B,E,0.05116672636850855,-82.75348702062472
B,G,-30.2231067468699,-69.49744699995088
B,V,-27.689575091046894,-46.54049070930118
B,R,-4.51027977215338,-82.85746721826982
B,T,159.1033581828021,-83.0718587927174
B,M,110.59825621668915,-90.70978307635211
B,E,-142.43795343787735,-84.83330795419072
B,E,150.2350725963211,-106.8757900945292
B,E,105.8865041563153,-113.90108069834407
B,C,78.98502636604235,-98.9552981769159
B,R,119.4567988140656,-53.777567295244495
B,V,103.62479326858205,-120.95465696150289
B,L,104.80411316247006,-82.82109178351934
B,S,89.48395350831115,-108.03692451087535
B,I,91.96151629152112,-84.083635296083
B,Q,-171.2098967258362,-138.618765717245
B,S,159.7796931746806,-84.38707997038026
B,H,139.1877276488405,-135.21802065118058
B,V,171.71107770521144,-122.76103179395535
B,I,-55.99112318909213,-88.92766737264195
B,R,139.190753337013,-100.43630577613698
B,G,-176.96377913886246,96.07208215706441
B,Y,92.81581690906319,-138.47042549686452
B,V,162.21130710270685,-132.90031286328346
B,G,-123.10048802671304,49.82640008132183
B,N,-28.695668109490413,-64.98115669865294
B,R,-49.34028462630084,-62.156217939939836
B,A,-28.750319497786478,-69.30609100407807
B,A,-23.418067094648563,-86.44881265906261
B,T,-65.96487807266415,-80.99895394666096
B,F,-58.20677289017451,-38.98880268880931
B,P,-54.46126753884542,-53.70698680704677
B,L,-27.068564857311227,-59.69169112255006
B,Q,-54.13177076189397,-80.01136116026343
B,V,-1.5307432312361056,-59.223042058344326
B,L,18.726308803326507,-116.26150165563527
B,G,20.488369034517092,74.83886345724532
B,F,136.9673585807035,-96.36413997485707
B,E,77.9026227226381,-89.77455485801116
B,I,140.6890024146706,-91.52555163046415
B,D,125.36371852880514,-118.10562169837051
B,A,129.34943321885225,-96.62095334791317
B,V,107.32912742458622,-117.79335802007665
B,N,143.1101788534343,-66.25853972093924
B,S,-45.634410278434984,-101.17531544554691
B,V,-179.48828164934025,-134.90100209818831
B,Q,78.03602547237496,-156.91406224396812
B,F,146.93482919633493,-96.44704732163217
B,S,-34.09095878427636,-45.51088271200798
B,N,-168.068289390804,-157.83318887604744
B,H,175.02061025079283,-90.38795299535226
B,T,73.65120078136057,-96.38091374727327
B,G,-5.575225287465212,-150.85242416405472
B,Y,172.35206979777985,-104.72282479372728
B,A,-24.029739464385802,-74.16195504559916
B,H,159.9250512844838,-127.14158810227993
B,W,146.20330998115466,-173.27068764770817
B,K,143.74554654210942,-149.4118308325966
B,G,-153.1388462109923,167.45902819264467
B,Q,163.38316404292306,-132.429167185245
B,V,109.37938865022973,-125.49908713059756
B,L,135.9152696512008,-57.94817179511961
B,N,170.0377231776352,-101.07709796864393
B,S,-45.92161812918455,-55.3189670228398
B,D,-36.11544099960912,-59.91706871887567
B,E,-49.436556013581715,-73.70068492971723
B,L,-15.527079767416847,-62.79434875114046
B,Q,-47.50378271509967,-75.05996528839646
B,E,-49.96666419372778,-63.09035004398622
B,L,-45.7933145670313,-45.26277917735464
B,Y,-33.83241716563961,-76.62071601072981
B,E,-45.91260534974379,-69.10395737374421
B,G,-47.15293191710675,-36.696819589270945
B,L,-62.896943054395884,-59.36158697373649
B,R,-27.577983290315984,-44.21764714633589
B,L,-62.929933966082764,-73.38550978153305
B,N,17.774904296413933,-76.38797796974926
B,N,61.07021619540377,43.69484366237576
B,M,26.17573910823651,-122.39425664355227
B,N,74.56886485970922,-105.21664690138297
B,K,108.0347730220434,-157.5163581243045
B,Y,162.87134199264798,-115.50039276992058
B,D,-36.65391637301334,-92.85565550934524
B,Y,135.49629330762727,-140.45589244809364
B,V,130.62811601953453,-112.98219271374747
B,L,132.13417507039347,-116.30421585016005
B,T,154.42329319822292,-128.94739854953582
B,G,-151.63238844035166,-158.49858554526918
B,Y,124.83825872471122,-43.5819406323092
B,T,122.94688266069986,-148.7192203735453
B,R,-54.775701164448094,-84.1385669291376
B,D,135.21838607525413,-75.46969413838909
B,K,-43.34125397336799,-59.09204405099399
B,S,-32.12829800049821,-65.87454539427355
B,F,-31.79774182227648,-69.70758751173139
B,L,-39.376096018055925,-70.62455612564212
B,A,-42.98367908994741,-66.78531660073024
B,M,-54.09447480584211,-58.39634222940358
B,V,-48.190873202819766,-45.962744652775214
B,V,-67.15545803043005,-50.99320601697186
B,D,-50.227224719771925,-38.11538550661953
B,I,-44.06416379619111,-62.89044496793806
B,V,-42.677522132010715,-62.74868706329293
B,Q,-59.715310796963166,-57.35753131307809
B,E,-49.14945711319148,-61.12235039827392
B,L,-35.44848145413092,-47.802827533312524
B,K,-2.619277644365551,-85.28029939196438
B,Q,-7.434918324789007,-109.03708340920046
B,Q,-12.39184222219244,-104.78288347591138
B,N,85.30003686554173,-161.77921358308984
B,P,-13.17111746355345,-50.65811641074805
B,R,-8.933946025666328,-91.24912355852544
B,L,143.52244950412933,-53.62823209117172
B,V,102.62883365408882,-115.58463605474984
B,Y,86.7484560139777,-89.08865465172109
B,V,107.52055570686925,-67.35120612648768
B,C,129.54543093207064,-111.94038357063629
B,D,97.05740714622087,-122.55839896752563
B,P,122.69777123510809,-46.78740393822336
B,V,21.159459271058044,-75.38154964518579
B,L,-55.64644891450919,-56.54905633151898
B,G,177.4973861215284,144.83850299042322
B,D,-158.67041580355777,-153.05912802745198
B,K,133.8197277673199,-121.07380546756679
B,W,-64.22821502042396,-111.94416747220164
B,D,54.09529452775508,-98.75647244238
B,G,-60.785923553474625,84.13063175196746
B,E,149.9389981441709,-66.89770130859368
B,G,132.70955469566488,-111.97004882127538
B,S,154.33864097348902,-127.74514242935561
B,M,165.71788285282204,-76.78512632943468
B,Y,39.77384851149841,-127.94144558318021
B,V,172.07785244031862,-166.20914404244573
B,P,151.23885044808117,-46.2314041103434
B,E,23.54569017290749,-77.91753749150624
B,D,31.3736986408288,-153.10776365083788
B,L,-30.997810260262554,-92.31590965066673
B,L,-56.292472826136624,-62.93367886569194
B,P,-17.74486045633257,-45.8823900316419
B,V,-46.45666436453827,-95.53558546398622
B,Y,-32.44172342501281,-60.558616996357834
B,K,-62.23023945460026,-65.5744881682512
B,E,-20.379802589482843,-90.93610210498015
B,K,-15.844208673172654,-117.93421298477446
B,V,-63.56268555701093,-98.29727824668029
B,V,-36.35450478439587,-59.942542100813874
B,P,-32.065721328495535,-62.39520027054213
B,L,-28.171754238885317,-80.65723147432738
B,A,145.4475297325382,-71.02623382462264
B,D,-11.590121413778448,-102.85708056040622
B,I,136.5675016909417,-153.10040025370054
B,I,151.5341266801533,-134.6574905458901
B,T,49.684385922437905,-129.49286562303377
B,P,172.57679783166475,-50.392595486301026
B,N,175.3832294781778,-126.4564468379191
B,Q,-63.53356722790533,-47.45139932981069
B,F,-41.698791503512986,-47.4171488614534
B,E,-44.84989014360796,-82.3581654305811
B,A,-47.391039864682135,-45.63237197882838
B,E,-48.72098735647454,-58.591205732634144
B,L,-24.072493483978896,-62.40055814208245
B,L,27.94086928101957,-93.45796503126672
B,S,-39.293774026671144,-148.5629340413995
B,G,-2.4670551964784724,94.60237900237667
B,R,-140.9746206172719,-103.5086341468273
B,K,154.3746010864822,-171.3577411277476
B,I,126.65831477824497,-110.5374131587975
B,H,-17.737690286051848,-120.33036824642925
B,S,177.1222431241173,-144.10086191861916
B,Q,-27.689751151344666,-70.18959333513457
B,E,10.399663824950174,-80.61269233475785
B,E,-22.078117107174982,-125.81532344632619
B,A,-2.4344551666386485,-81.12591720961561
B,L,-29.19198903787568,-104.87696129863453
B,R,-50.314742190019686,-73.66171561120883
B,V,-24.714737385325666,-65.60191634000043
B,M,-28.383273084401896,-73.99312799414815
B,D,-32.35336322265504,-73.49061229066004
B,M,-19.239712802303977,-72.3114243119075
B,L,-31.374035191955432,-87.06114227629911
B,H,-28.935823121047747,-65.46216699443566
B,S,-17.763507141779296,-64.06171141795838
B,M,-21.962802862228074,-93.24755700586786
B,G,-56.36925440777225,141.2867164972329
B,P,127.73189540454585,-42.97385453486841
B,D,-1.0898425000069822,-100.74079559589084
B,T,114.28578717218112,-135.5890275118195
B,V,128.29191648110802,-125.62438522875932
B,V,145.97270576541993,-128.78038084920055
B,I,69.93633206532829,-113.48638052325614
B,T,-33.177071348102864,-15.484367811967225
B,S,162.3378366384321,-164.8178632904637
B,S,-148.8043148554506,-163.4153711027801
B,D,-12.698614134965547,-141.5883295618869
B,L,114.42146190193039,-56.25053236549022
B,P,169.1640857781481,-48.61450337247753
B,S,155.79284456087194,-147.83821168794276
B,P,15.243106182823652,-51.579427832597894
B,Q,8.309706722423801,-138.10946696707643
B,G,173.8529121970561,115.92861671786645
B,S,-40.83762187522846,-80.52112638608992
B,N,-44.540524591709634,-50.311855389150104
B,Y,76.86588255668426,-77.56695946833786
B,L,164.7804339492456,-65.23685789207119
B,I,176.99545746236527,-102.93893009371655
B,V,133.86283415206424,-164.1562090018443
B,L,152.59497131164795,-149.200250018852
B,G,160.36703134869651,-163.58016682259137
B,S,150.9320450604531,-134.41810893801895
B,Q,104.26076389053611,-147.97552865320918
B,R,171.61431929103526,-90.88999962234568
B,R,100.71371876185732,-171.14812892918775
B,R,22.421040898884094,-80.83351611442683
B,N,-31.920529859194062,-69.0440358584593
B,P,148.13591128250854,-49.32839677055775
B,A,-63.911664282554305,-32.678914936953475
B,G,-107.3524666191727,-76.06592698889804
B,S,-139.95617794537816,-87.05130218125619
B,V,162.25527400640024,-112.12186794395113
B,V,160.12982442831316,-129.46425043497962
B,M,126.15026853141838,-157.79286311664328
B,E,150.5891867123646,-116.362855282702
B,R,158.77639534447331,-143.26424405578888
B,I,178.80695566853188,-147.0587942178659
B,R,160.11154403477096,-164.81040471114005
B,M,158.0260796403922,-164.91589759451392
B,D,148.67083231616215,-125.45027296351074
B,I,128.83171675753164,-142.05398624553587
B,R,152.3022169325144,-44.38761438496888
B,K,108.77418682262291,-86.40131381289997
B,V,86.55327882433524,-68.93152289258933
B,D,-64.32240395552486,-24.544116789404995
B,A,150.25211954963004,-35.20529572715222
B,V,121.44717262845305,-88.56266867213256
B,F,141.96703848577533,-120.3255275546775
B,V,116.61126907918475,-132.0289507436759
B,G,-34.81090630824132,140.50591082943993
B,T,-37.762439078043734,-42.11564116964765
B,G,-59.6730895253209,-61.61191409082926
B,D,-44.18338451589537,-50.04043373540971
B,L,-37.91794600660283,-66.45731986095414
B,F,-69.9909046621045,-48.37789766088979
B,A,-26.859546812230153,-50.87643943309881
B,A,-63.679792056303505,-69.8678030993269
B,M,-28.22939875905571,-60.316987917636574
B,L,3.0680484924385,-78.72759267374076
B,L,-60.93757512344268,-101.01303125024529
B,A,-79.60939502546745,-43.9813875984421
B,W,-36.41332930337345,-41.80730056424028
B,T,-60.35294489105076,-64.52167867537557
B,H,-54.97699701699102,-46.445219566508406
B,K,-24.606038243601056,-58.87253023403132
B,H,160.24528422730984,-122.97247785533699
B,P,174.84784931276505,-51.74344388604847
B,N,67.6228279288057,-74.39848051382926
B,N,102.57733556417041,-140.53549163129262
B,L,-23.397902307248483,-59.7226021510275
B,K,-75.22889547738212,-50.299815130503546
B,V,-36.589319433439115,-69.16800934440576
B,A,-60.96649354232164,-52.62603032006149
B,C,-24.265610498504696,-61.50713557973526
B,E,-39.610710621752084,-76.90563178902008
B,K,-32.248178882572105,-70.71828019197758
B,T,-80.43618990469054,-69.32530422949272
B,V,-16.265321074443207,-48.72556734161074
B,S,-53.60186859328862,-78.07484182593376
B,T,-33.76734600075159,-44.9590872933692
B,L,-28.857133706861482,-63.15943559217376
B,H,-45.46898438630948,-71.7073658725839
B,H,9.244515520760226,-71.73246775733546
B,V,-71.56978834208522,-112.68255996531174
B,L,-48.0250203152539,-44.73955806877863
B,Q,-70.22610812128737,-51.99630846677799
B,R,0.0006776300906539693,-55.08107388561632
B,T,-51.64922604699279,-99.44285557603732
B,I,-40.62501006134362,-62.60839981858902
B,Q,-46.80812125821933,-50.03994730894067
B,C,-27.38403442973895,-82.89606670261144
B,A,-40.086854213542075,-46.34896060952621
B,K,-9.232496005371058,-89.226544024979
B,A,-4.11843857903057,-64.06828410140675
B,Q,-33.021437533486015,-143.77226523631316
B,A,101.94214103171866,-87.95106507540905
B,G,113.59931555970314,44.150816060412204
B,E,23.995903973830476,-63.240135380599064
B,G,26.611480545195484,-143.23673503886874
B,V,152.56780426626526,-168.5226844874117
B,R,126.97509474068382,-56.57299728660235
B,P,171.07329928049512,-52.04613609538396
B,S,166.15052558766246,-116.36951594664238
B,P,-52.78654754553429,-40.66183966324634
B,M,-32.5597733801113,-66.46979972848533
B,Q,11.299471939447676,-91.03406253503067
B,L,-9.45393436884039,-133.73862785615364
B,E,145.85456977139557,-46.37174268604243
B,L,115.66376974816997,-56.65114159003881
B,R,82.81918586053901,-78.95902136338209
B,M,-44.4796168009261,-84.63814427576123
B,V,-69.91876627204273,-51.739656018260746
B,Q,-20.99002955606531,-37.432249662573774
B,S,4.221431729026733,-90.65094419436828
B,K,-65.2356753073307,-46.75251385115431
B,R,-64.01254979760351,-30.462495526077326
B,D,-47.49622505836447,-63.441650255886444
B,I,-48.81241255219332,-47.786333588039795
B,E,-25.041732673785877,-51.48275488795423
B,D,107.04354472190543,179.3290793114816
B,P,155.66894150116684,-70.80144425099053
B,E,98.58855639796403,-100.09799493243814
B,I,111.81963876596734,-35.73645754860475
B,V,1.913842438395839,-104.1868782344562
B,V,137.90321429382993,-151.34475582182674
B,Q,153.9712259049594,-103.7811412636919
B,A,159.51580078945284,-117.89303130597786
B,T,136.5635515989678,-113.71706268782938
B,V,143.8286123532146,-89.49737469953656
