Chain,AA,PSI,PHI
A,I,-45.99863614410924,-106.61397243260308
A,S,-179.49378778702516,176.0053241625638
A,V,72.62687279287657,-97.85592107723633
A,R,31.874863947730056,-103.5810724736754
A,G,176.42294179663452,90.62306519272867
A,L,137.46935467704913,-82.04152064410209
A,A,70.79533008113637,-100.25450015193557
A,G,148.26217344298465,-74.1811400338372
A,V,-68.43684695715403,-47.253889096076115
A,E,-22.693564715901434,-57.721890072570105
A,N,-25.260475358899797,-93.5975359230796
A,V,-40.23061734631167,-71.44752632287724
A,T,-39.688133538438436,-61.57990770798108
A,E,-52.28285112691999,-59.489185947366806
A,L,-39.948919701139125,-63.16250169278665
A,K,-36.537879068907095,-63.98667792076443
A,K,-41.171885959120814,-64.42356705457982
A,N,-31.783490911256724,-76.21342397767073
A,F,-50.88111112772984,-60.406665504834486
A,N,-42.08739117472627,-63.933663519385874
A,R,-64.19151427970816,-51.051306060874616
A,H,-30.871996876356288,-58.2338899420819
A,L,-33.752919807247444,-67.4560903959458
A,H,-58.413387393522015,-87.93782677371355
A,F,-34.95775785722565,-73.1033141965401
A,T,-45.12561932853167,-95.46713989269821
A,L,-23.76737132073014,-86.96667098622153
A,V,61.688930886790395,58.02503356312059
A,K,160.4523162789725,-142.22075982347107
A,D,161.4125187010976,-122.39225110352282
A,R,-28.715783199511932,-51.16159702189102
A,N,-10.936411352774265,-80.28985858819529
A,V,16.07908075153729,-128.48520096623704
A,A,123.91630648520118,-88.67711182425836
A,T,172.78279357188003,-92.55572472026921
A,P,-32.04008747734371,-53.129875585841376
A,R,-37.24815065589697,-71.06917453324687
A,D,-35.17575206965359,-68.12100418599162
A,Y,-47.70729119742673,-63.271167777940015
A,Y,-46.812816804358654,-49.66122025020816
A,F,-39.52271167020259,-69.10683504525429
A,A,-42.178576177830365,-60.037663772388115
A,L,-54.46467462762986,-62.146823620038944
A,A,-39.77457897942178,-52.680167719314916
A,H,-37.1761564437086,-73.16254372279745
A,T,-37.541908828786866,-64.24123698825845
A,V,-41.18077848744573,-75.68968301169608
A,R,-32.14666437771015,-60.19780516519305
A,D,-32.34742242953471,-57.86513952462261
A,H,-16.17671303166815,-75.75175255502646
A,L,3.6878497563982453,-108.16278093005405
A,V,-31.711464562710262,-73.3574772675336
A,G,-53.46877921744321,-58.45065164228576
A,R,-41.248686570375504,-66.93523868023671
A,W,-52.054014618436604,-54.32596283898599
A,I,-43.205772173728,-62.99158062649262
A,R,-25.505713553155775,-76.31441415982866
A,T,-51.98015271789372,-69.66457941422405
A,Q,-47.27587186320149,-58.56610727339101
A,Q,-37.94788124509368,-58.74271895041514
A,H,-51.91424752657522,-57.281269057791526
A,Y,-24.705769748150633,-63.4483259852672
A,Y,-49.33163916484919,-72.45871613082458
A,E,-60.42645120015062,-60.25412415099929
A,K,-20.462356286053076,-75.99345415342547
A,D,67.93116405681324,47.582599424648635
A,P,176.20387081658146,-80.9856686804733
A,K,136.1433741526825,-69.2722199278026
A,R,140.87580091192734,-111.83930519264912
A,I,122.86226738864559,-108.69921415028038
A,Y,111.5108007832211,-104.9706805909675
A,Y,104.06288896403082,-96.9360512884383
A,L,122.8007569705951,-91.27964953171653
A,S,146.63205605583497,-148.38896333385378
A,L,2.424089294962918,-85.45227877081919
A,E,140.43408776350546,-141.23032157733832
A,F,108.96291734503842,-139.99133422007117
A,Y,79.307857793447,-106.17348307274634
A,M,-32.752946344864824,-70.76032342240694
A,G,-158.82819961120148,71.51830930512854
A,R,153.25977532417397,-78.67680449770322
A,T,-1.0586510883119304,-119.85111104708612
A,L,-51.866431679966084,-72.08952467952183
A,Q,-42.523121377003406,-67.96774013985548
A,N,-48.58444037691417,-55.18649350743211
A,T,-40.165094021991514,-60.61400768867776
A,M,-45.398323499206974,-63.325796951863516
A,V,-50.30321414789834,-57.74486442931994
A,N,-15.631092520964742,-70.24396588821313
A,L,-3.138858348142972,-105.37728629553335
A,A,33.52439376843997,69.39041805928983
A,L,-8.612343136231493,-99.48946974015597
A,E,-46.07069158318036,-61.29705678523724
A,N,-37.47828673883658,-70.17404904846259
A,A,-41.90127795341799,-65.74007064482197
A,C,-33.57087234186537,-68.64530774546171
A,D,-47.21150460797493,-63.664328812626984
A,E,-54.118225799567625,-65.35170886359379
A,A,-49.58367452185377,-47.93612554288931
A,T,-35.02698327203503,-72.22803089223336
A,Y,-45.442208727649486,-58.31678363641202
A,Q,-36.93524115237997,-62.06206953183772
A,L,-9.121869777673293,-71.08517233040341
A,G,33.95527409353732,86.99351062228477
A,L,158.07482130212173,-124.96320451663104
A,D,116.02725503587065,-100.08773523960427
A,M,-45.9003059994608,-55.220412844580984
A,E,-38.43447252859878,-57.08251212946453
A,E,-48.99998047214253,-63.7834767432523
A,L,-39.069018208546986,-60.03749240532346
A,E,-40.36472492564879,-60.72263850564275
A,E,-15.820205031803583,-62.39751099516186
A,I,-17.00329927098556,-82.51713120268846
A,E,127.36611305608399,-71.28657715921516
A,E,142.53960564403405,-81.11220923060488
A,D,142.61774323522084,-62.29142814608801
A,A,99.96525509032243,-85.7748952043465
A,G,50.2415185281811,-101.70846286484313
A,L,41.221680121973414,-85.94245875175527
A,G,167.84678336553026,-155.65345648328648
A,N,-36.73596990501545,-103.3055565737634
A,G,-118.48115938630599,-178.83098589043308
A,G,-48.24798130646736,-54.96691095704809
A,L,-51.27444639492308,-67.97232534105986
A,G,-39.9222844697041,-61.49095479663424
A,R,-32.92852785653417,-70.64165985894407
A,L,-44.72598655835473,-61.22812994351866
A,A,-39.21361239370611,-56.87466716414596
A,A,-39.214443039054125,-68.95059274055848
A,C,-34.72478644424941,-70.02484534332336
A,F,-46.29377271025394,-63.65628793786259
A,L,-42.83775301336142,-59.77262985292019
A,D,-45.816689625181866,-58.415349494652354
A,S,-35.7688207676304,-71.44898266943278
A,M,-28.826803194529866,-64.05793792330357
A,A,-37.590577770393715,-85.35010355766417
A,T,-31.153450143736713,-63.152032745600586
A,L,10.894200921154846,-93.56442864929915
A,G,41.900242081607246,65.58103462228168
A,L,143.2393253375801,-100.18005524432883
A,A,79.33161420794427,-80.63929104248959
A,A,143.06081738223293,-116.54867136496516
A,Y,123.3089833882847,-128.2608202320841
A,G,134.69134024048807,-82.00625655558352
A,Y,125.76071777003709,-131.8196488746118
A,G,-162.8158985179919,-160.02597308903768
A,I,137.9500393444551,-108.31818795697745
A,R,90.04340923321139,-89.9796142080011
A,Y,138.16711965070152,-77.80244686261916
A,E,-14.12383651042701,-89.41565320019951
A,F,116.62885775641791,-118.99592636834667
A,G,-152.40608013686682,-80.94342576729315
A,I,131.39152597498963,-72.14944485544487
A,F,153.03598709318646,-42.57290165456932
A,N,130.77133221611766,-91.12453378047195
A,Q,137.30526161403606,-87.80577472133949
A,K,140.22035015995348,-122.16246367712806
A,I,116.92065409252557,-99.42056630746207
A,C,117.30688929671145,-119.00308354859375
A,G,23.82615144203433,67.73321589033684
A,G,-7.360686187471889,88.38397332690381
A,W,148.31128909237614,-99.94999611434392
A,Q,137.3345911885631,-74.03406129139358
A,M,125.84801099944693,-118.48199893290885
A,E,130.3935446962428,-97.05592040993908
A,E,154.181186312831,-128.78102788482616
A,A,141.17602647161684,-61.89069084047419
A,D,90.9179114114261,-99.89530041478544
A,D,70.08110920271133,-86.8850220060845
A,W,-20.983206754513827,-65.31853031996161
A,L,-2.625088560110998,-92.20212704365414
A,R,-41.330454975563974,-40.421576165515205
A,Y,-10.447641651304759,-98.0763127159746
A,G,164.80252281867192,113.9290529269543
A,N,105.83064857001031,-128.74613625131823
A,P,-1.5728894608409412,-68.34934906484368
A,W,-24.64573478158253,-108.70102360149042
A,E,158.18204794955747,-87.34637331890731
A,K,101.9593198085625,-131.78978023473917
A,A,141.23436383543827,-55.38461370918165
A,R,62.12074535914134,-128.2795788881489
A,P,-26.461491669672377,-62.392482918642
A,E,-37.11053201785375,-49.531435070588635
A,F,31.12191564886009,-97.76745136079059
A,T,155.21217807629426,-69.14748403981922
A,L,145.98806747679467,-140.82697272115092
A,P,145.7873104777509,-86.34762821121686
A,V,137.5674053986279,-126.08412500018233
A,H,145.77187888190895,-106.07114878031408
A,F,155.03436799038602,-134.7352912135892
A,Y,-136.40614419558796,54.35443259840815
A,G,-157.54482874307774,88.97872252038015
A,R,172.20852508023438,-164.66925649945838
A,V,123.5165773404565,-112.49389412183724
A,E,131.00263919597538,-103.24704940144163
A,H,111.37671214152161,-98.72439307968108
A,T,107.48031568142113,-132.36630141257504
A,S,-64.17954724032715,47.68990739211234
A,Q,38.52930386088012,-124.34562760634549
A,G,155.8050175074141,157.602045339985
A,A,147.3719282451206,-84.17145540433673
A,K,138.50238240723377,-132.42979262454202
A,W,118.31905123854453,-98.63441801045977
A,V,156.7091677870726,-123.4812256283806
A,D,38.548235111704294,56.76227267562963
A,T,155.04210575576286,-87.600238764126
A,Q,145.7653607346834,-85.70381234636218
A,V,120.57077221018342,-111.47049308129581
A,V,144.8002577624817,-109.75958359532383
A,L,139.92027090437392,-103.12627332586608
A,A,121.57009412723599,-106.86748284000069
A,M,126.04520924590165,-108.21687071999685
A,P,149.636042226743,-74.06735528684865
A,Y,118.1823316358078,-134.80069629466283
A,D,133.99379674437392,-96.32732721567247
A,T,136.54716035561714,-117.75593636109856
A,P,137.71093240519457,-78.71632955379371
A,V,96.88446609087441,-112.19433735279397
A,P,133.66857161225036,-76.81391040271055
A,G,172.21663748504528,-76.32378248388717
A,Y,113.43351729574321,-79.64092096205358
A,R,41.41238535530907,43.0584462625677
A,N,2.863458835226777,-129.2913894590163
A,N,23.24767577349086,67.64904575380028
A,V,125.22157816252025,-103.07371227320617
A,V,106.36623906174808,-132.07569368325855
A,N,-173.10251713922787,-88.51475869823835
A,T,133.7643967058908,-130.3320155990282
A,M,107.46012399498792,-104.16699266803778
A,R,129.17259622835596,-98.73778530443943
A,L,127.8869922323641,-125.51896013694399
A,W,143.2114945358047,-97.64649037381328
A,S,143.27098155978072,-113.06011291156723
A,A,139.00579301320343,-96.02157233840471
A,K,137.75384449302445,-140.8745761698851
A,A,140.7352048090763,-74.36426920017911
A,P,155.4272212282593,-64.60031702527178
A,N,-1.3509594002745606,-96.01270206980334
A,D,-126.18423355184436,-81.8507423560746
A,F,-37.360100074022796,-21.509526499808985
A,N,70.82573228345412,-90.45420391907165
A,L,-81.01114332545977,139.6344441940579
A,K,38.701891564795794,-68.78149576720135
A,D,117.73394176056328,-108.18856832113231
A,F,-178.2219154187111,-113.64791578787255
A,N,62.64398427673757,87.26831288157177
A,V,139.662932474311,69.26286464011123
A,G,-60.105231678665994,173.3967832172879
A,G,145.33237014519042,149.53359493999218
A,Y,-47.27979864901337,-70.41272017771783
A,I,-54.5674446525335,-59.24448279330355
A,Q,-50.61687218072663,-52.32315925477206
A,A,-38.58714420652379,-51.04979519638432
A,V,-38.2585812462752,-72.43410077031554
A,L,-28.147266646948374,-75.92569880053561
A,D,-3.486835861790386,-74.33393528602589
A,R,-28.874176050709195,-58.34400601086112
A,N,55.5455609891477,-86.7625730204355
A,L,-56.5345456536611,-128.1611906572544
A,A,-32.74409464555912,-60.767786380840356
A,E,-7.082744555544491,-84.10366201537845
A,N,-18.982495546113768,-71.07720950967045
A,I,-39.01803162591779,-58.99956871573501
A,S,21.70181444753129,-101.35294748611604
A,R,-38.05137415617433,-74.31514166516551
A,V,135.9405605307506,-149.82447765348525
A,L,144.95851010372607,-66.52583066413125
A,Y,119.35235199698636,-77.79248067845644
A,P,34.58413508612367,-76.0321583638571
A,N,123.92950604470158,-110.3238996197594
A,D,116.92130551066009,-107.4961511339653
A,N,52.72953642541775,59.133292836444355
A,F,132.04410116982396,-161.3853664641168
A,F,123.71174276268545,-100.23201067237862
A,E,118.64740273189886,-110.13996759229458
A,G,60.36177369021878,-84.04747711158153
A,K,143.2519923493507,-94.09834221650462
A,E,-38.99604632827438,-59.16773491456933
A,L,-29.53121033395095,-59.887786103055916
A,R,-46.612918471957116,-72.92723697726392
A,L,-39.36936144274969,-58.29841007865542
A,K,-46.93473463792534,-63.5061010363453
A,Q,-47.548969900415194,-53.22708092649463
A,E,-41.70694466571219,-63.63338565741499
A,Y,-39.071808886137525,-73.35169877226689
A,F,-44.23871406494934,-57.77141930115889
A,V,-34.38296724421294,-73.63865918588519
A,V,-48.24945718673093,-64.72698667353151
A,A,-57.15801039775054,-56.63303736694466
A,A,-52.15750579544203,-65.31607329767343
A,T,-45.53130486488909,-47.803380592435566
A,L,-24.897333461544704,-65.94389926278522
A,Q,-38.38707089785664,-72.44888206941755
A,D,-35.39381548575965,-69.16847734740807
A,I,-54.018277951407704,-67.17137327906504
A,I,-34.20764469318706,-64.44843713477647
A,R,-53.26125034627964,-56.40573730611133
A,R,-40.982346244049886,-57.94610317558576
A,F,-38.40139447006817,-67.23290794178924
A,K,-28.76222200344956,-66.60240872184792
A,S,-73.10739286226007,-78.0770954018009
A,S,-116.25826107011203,36.848358980217824
A,K,7.930837816650628,-128.80384504626426
A,F,-50.3201453625285,-91.40159884835268
A,G,66.25714466005635,-83.29767335066533
A,C,-72.16132963610038,-176.2491616013693
A,R,-94.4966261945231,-155.14212559773264
A,D,-116.11117128867247,67.27578687735974
A,P,-31.757201828753033,-76.24814011974792
A,V,91.51600795250603,66.14960211193872
A,R,141.68442180905117,164.639920285723
A,T,92.4735171214418,-84.61026393152426
A,N,107.83879619000079,-94.863936235754
A,F,0.18567415407906807,-73.10580701715755
A,D,-45.57171396135574,-55.16524376536307
A,A,-0.31988611355152546,-76.59182072734879
A,F,-49.3492977583679,-54.261886278884674
A,P,-22.858133148536616,-60.8221243200863
A,D,-1.5250207871827755,-90.79506647627869
A,K,-20.028493453978083,-119.67340385627122
A,V,133.74830562957052,-129.8575703599649
A,A,122.93397636055364,-129.90916603696067
A,I,127.39156918200277,-115.36074743424406
A,Q,131.953720809383,-95.46612007318028
A,L,116.689784987032,-97.13145082166635
A,N,95.18375911619918,-92.42953151568686
A,D,-173.14511826089762,73.52342913002788
A,T,5.021031415075947,-82.45773739765926
A,H,-33.53376206388734,-63.283099416433636
A,P,32.85195950680505,-101.57948611413723
A,S,-21.355220091721897,-66.47436521411886
A,L,-12.281791321753232,-62.72625236029975
A,A,-30.00623158243003,-55.86562323238169
A,I,-55.678479980605516,-73.30750178334637
A,P,-32.637634209853346,-63.50509646662434
A,E,-49.264578764928295,-66.08085833908933
A,L,-35.07109815901443,-66.28357383419578
A,M,-38.693921368644496,-61.337648823289925
A,R,-51.34068687066794,-62.11116669439621
A,V,-49.21684561256012,-59.18141904603613
A,L,-43.40870761285647,-64.46124923483615
A,V,-52.419009285572805,-81.5777228108047
A,D,-38.840879486129445,-75.50915819684393
A,L,-48.83556752949901,-102.4259171831833
A,E,-7.694823393470287,-85.87217408473472
A,R,44.15247707817397,61.36208637764494
A,L,158.5644269485439,-84.96314258410995
A,D,163.56584520925037,-71.01420778515634
A,W,-53.02485194669519,-57.52812434946138
A,D,-37.69157684592921,-68.65986682498516
A,K,-38.99110932092497,-62.688373158509556
A,A,-28.018132818873525,-73.4490953887051
A,W,-38.219287612160905,-77.5925984473747
A,E,-47.25406878240051,-58.393562817749036
A,V,-57.81486229784268,-61.47782834778164
A,T,-54.806318945365625,-43.28452536491338
A,V,-37.32662662120555,-68.50310536639056
A,K,-22.7739462356382,-67.5067030104341
A,T,-16.68313975954566,-95.13615981923684
A,C,150.90388502690706,-103.75012329144448
A,A,146.48145230748509,-149.63077669030477
A,Y,124.8679405686219,-121.41122690281398
A,T,120.61303180326392,-96.42623374941789
A,N,141.175016948381,-87.41701234313848
A,H,-4.187708941340495,-116.94696012518052
A,T,151.32475911688317,-165.57549465057156
A,V,-2.418679237471766,-101.8769896636644
A,I,134.9433298214753,-76.49256726315703
A,P,-37.47848107970155,-64.68025770129667
A,E,-12.521499604153446,-67.01442736577609
A,A,-21.975826688234257,-84.99056000213785
A,L,140.87640048413965,-66.8079261519902
A,E,123.01370144356508,-93.52811194753517
A,R,90.13578857391848,-138.7540819402082
A,W,123.22253983431948,-79.60521774084128
A,P,131.1507231830788,-49.8188196571128
A,V,-43.19722271324278,-57.45897670234964
A,H,-18.99463327197902,-57.7809696460653
A,L,-51.42356540189012,-80.83575279428855
A,L,-37.72984529320902,-60.86084246795799
A,E,-58.14668846445942,-53.065393201607236
A,T,-48.915004345426574,-58.129900003607176
A,L,-37.68375042101384,-89.11177052127307
A,L,63.44610075768779,-138.5005538572899
A,P,-36.37157896990782,-58.866670363643976
A,R,-33.613231666739175,-67.75553419038324
A,H,-25.159643770292373,-74.88029205569154
A,L,-34.40793614742072,-69.06502704725747
A,Q,-43.86881097635788,-68.91523723363069
A,I,-47.65919717797497,-64.78704319271148
A,I,-36.136840351890356,-55.95409869037576
A,Y,-38.288253907945446,-68.71677556741784
A,E,-39.70255112835061,-72.7684813269374
A,I,-46.567903326834625,-58.61383036863042
A,N,-47.06538528430932,-57.73082887140846
A,Q,-48.768261224605325,-58.520031813398965
A,R,-36.012951734855484,-72.1057019774965
A,F,-46.628107766653194,-65.98590158041374
A,L,-17.50813776278683,-68.64758190465497
A,N,-28.830921241036286,-76.30678479864066
A,R,-35.73187610322967,-75.67536479452204
A,V,-50.58362137341375,-68.08151813786304
A,A,-47.50388987140932,-51.207213928705634
A,A,-28.391583824485707,-64.09054866885086
A,A,-31.21351778952251,-92.01360722984364
A,F,71.27477637459104,-123.85013394533331
A,P,128.06197955011524,-69.2517104099489
A,G,-16.601664869703164,90.31319515911346
A,D,84.02168132466552,-77.47775744178749
A,V,-21.695593190377206,-74.1457073408343
A,D,-29.015477869389894,-81.1762294192352
A,R,-57.0557941231765,-58.674588183764044
A,L,-45.03394906132346,-48.53255900795316
A,R,-31.61573214811515,-72.80496168618242
A,R,-38.091018380509844,-69.01258492322687
A,M,-20.843309215423485,-81.98335559355637
A,S,135.98374857626345,-42.38872223645469
A,L,-16.34318166778012,-76.4779443874783
A,V,120.73994442616696,-100.21742714175299
A,E,115.45667335177995,-100.10993159622107
A,E,167.68077475977094,-75.64065861103495
A,G,-152.6381268178511,147.62581497660022
A,A,-55.54667229131406,-49.29484722425117
A,V,135.9269190553515,-127.08501084582628
A,K,151.60894526789428,-69.65676111879453
A,R,160.99871252149504,-140.46441765911854
A,I,126.10867674693436,-110.70934507744614
A,N,103.68887066417378,-86.74407707799638
A,M,-30.471059671619084,-64.9361348100947
A,A,-35.951926876003746,-65.67855166391378
A,H,-32.383562735961334,-71.21827295188416
A,L,-46.02004395465252,-59.41054340774957
A,C,-33.48657855302899,-64.1137497605053
A,I,-37.52575877325224,-79.37326118969943
A,A,-31.470696622337964,-68.21286709368268
A,G,19.39921109691871,-110.56428515338052
A,S,152.18767695573214,-121.70292786377874
A,H,-12.141963448069294,-94.2446525851817
A,A,143.5120468778597,-141.18872050665362
A,V,133.34508668369384,-131.37646028480452
A,N,162.52607870853498,-133.3231383236999
A,G,-177.46915540905133,-108.4804321658322
A,V,9.333826124025887,-117.11480464529888
A,A,153.18340334380372,-165.39744518391555
A,R,-43.23999703163233,-55.843096942692505
A,I,-47.0444817091357,-63.74279440815914
A,H,-43.99778870680925,-60.61402270063102
A,S,-37.80590547067349,-59.27677675474076
A,E,-38.602744698335734,-68.59323561347547
A,I,-34.30947985607109,-64.57628171684513
A,L,-44.55698400164397,-65.09853577149264
A,K,-22.15105710054325,-71.95371917928306
A,K,-27.48416992567634,-100.63538724691396
A,T,-91.37029434634292,-122.79421950350459
A,I,-39.87860563994929,-53.528744442938475
A,F,27.110019793545863,-119.00693699209599
A,K,-53.19833096775793,-45.24722124657252
A,D,-40.307310800900254,-54.68776220760715
A,F,-38.553625280260626,-68.7275824486064
A,Y,-38.2669141732786,-68.98511982930854
A,E,-45.423848237921085,-63.097097499426006
A,L,-53.416060278253084,-64.32120577352914
A,E,69.6404647696486,-133.67519566998251
A,P,-28.219173813171256,-57.31916520954806
A,H,-14.857789057180272,-68.3167847460161
A,K,-29.63238257257043,-81.48504142772998
A,F,124.32851745636687,-81.65303467140883
A,Q,174.86946209598537,-134.04756657175523
A,N,146.4651052537902,-129.67267800059957
A,K,93.81501519980456,-147.45799099128786
A,T,132.98293542531178,-58.66684955155247
A,N,165.2816098433753,-56.559389819953545
A,G,172.8441969222822,-151.69742121327243
A,I,157.56140411030086,-124.74676089565398
A,T,124.48779817772402,-96.94346585068585
A,P,-17.509562393529627,-59.647417320453044
A,R,-63.71068623338124,-76.23700344125233
A,R,-37.175372294473355,-67.97136006947268
A,W,17.23239880559843,-88.46345449003022
A,L,-68.43230751123951,-155.1716551371267
A,V,-39.39323214126032,-60.779637747628016
A,L,-49.61084423552972,-86.21018770998505
A,C,-20.13196265524694,-76.45601511358589
A,N,69.95506112559197,-141.49434839315253
A,P,-32.97585211019876,-63.69660923498183
A,G,-42.51844944513373,-59.327816009111224
A,L,-49.760435227858935,-72.21615031612455
A,A,-30.038843894662907,-58.26719415705349
A,E,-52.32787555466953,-66.38345701826007
A,I,-21.925135544930622,-68.39574507702808
A,I,-50.578862750421244,-76.0656382445781
A,A,-30.231364045554038,-60.42903164252388
A,E,-36.54941583430752,-58.663608552205226
A,R,-60.011201932044386,-89.43322440445885
A,I,3.8156446244039373,-101.83551027512016
A,G,177.49870396391998,93.72132598818835
A,E,-3.9114979709141418,-98.32950992039548
A,E,-16.252448818539733,-65.55986127555707
A,Y,-18.642593658603694,-66.68607194035957
A,I,-28.73060919514435,-68.50633738647132
A,S,6.605742390520173,-117.1216439942777
A,D,72.00595151755049,-133.55156972500842
A,L,-15.023104230291406,-61.813225421292344
A,D,-28.75672723023358,-62.13058274246572
A,Q,-10.79797080347892,-53.83443364785522
A,L,-17.712710871688895,-71.38685299838679
A,R,-36.983693729011605,-49.48086279926701
A,K,-21.025616782346184,-60.319490989931545
A,L,-20.381846738177725,-66.69377682252785
A,L,-30.029392294620916,-58.547073935846235
A,S,-3.292162297642076,-76.10236372736881
A,Y,9.42233812974119,-104.87249961328986
A,V,-19.009241725275693,-59.054426394191545
A,D,7.139018948560169,-115.84898148820442
A,D,123.64171762955746,-82.22945386128832
A,E,-28.392476598551028,-74.85728852674418
A,A,-48.27110954371048,-72.13936739615608
A,F,-44.106518517797326,-60.268390725932406
A,I,-38.159331897018696,-56.68480086901607
A,R,-32.58567481424038,-74.37842722767466
A,D,-47.703941583425085,-71.44840066342195
A,V,-45.25036910121417,-55.06487608016128
A,A,-28.239604098474757,-69.3925847232035
A,K,-44.469586299217724,-72.80535124216313
A,V,-36.78686365537136,-67.81206877892517
A,K,-37.55049482901699,-62.014088203444885
A,Q,-37.91175717908183,-64.92261064002837
A,E,-41.38174119539157,-70.08470097580071
A,N,-41.17581700740019,-64.04332494238845
A,K,-47.0880029631455,-61.57126641021686
A,L,-51.88389631994471,-54.70164741732039
A,K,-32.16722416707391,-65.08484276192077
A,F,-36.45910861340766,-78.38132202593214
A,A,-34.472668129217624,-61.38270553784455
A,A,-46.99545470726488,-72.00366819177371
A,Y,-40.586102329269906,-52.46581013147745
A,L,-55.527636842581764,-56.62198850243658
A,E,-34.385687173625215,-66.10568544060153
A,R,-86.44615981839442,-56.648027853900864
A,E,-17.23286626568055,-66.76719675864601
A,Y,8.960699905552756,-151.97706598315636
A,K,175.1221224425529,-136.19884610680973
A,V,78.9786539883818,-134.2087909051886
A,H,141.44485342835765,28.38891234496134
A,I,179.07365080967426,-127.32227213101463
A,N,111.77441854566871,-115.07992262914757
A,P,-10.411934031223867,-67.36832728713797
A,N,6.356684952122455,-94.02439565693493
A,S,176.55388265076272,-93.70034412681304
A,L,130.0967609012798,-81.27387776001446
A,F,103.92767802485336,-97.71356386769118
A,D,103.48126262468642,-94.62911610327191
A,V,135.7705963284099,-127.34102405644873
A,Q,103.6987866397956,-120.67830176884591
A,V,122.67869869992965,-124.43386742951019
A,K,174.9792375326577,-178.83885147107495
A,R,144.66657311647643,-58.6978946205533
A,I,123.60817916110425,-81.00492901929752
A,H,148.34273726954368,-151.06877387279576
A,E,-38.18748473883441,-64.01553313858808
A,Y,-20.39567250713586,-72.53334276247175
A,K,-10.571473772123133,-84.91376341708282
A,R,58.71167320068431,58.22754879522529
A,Q,-27.692371407145227,-69.65465514592273
A,L,-29.56342855521957,-65.24899217158064
A,L,-38.48616263389737,-67.22536274780192
A,N,-39.300572629508224,-68.04290139867447
A,C,-52.08088044672118,-59.88566747728399
A,L,-41.779163826386686,-53.856866120190666
A,H,-46.79244503568017,-60.049658565810375
A,V,-47.84867079200035,-59.4555282637403
A,I,-40.92401680197357,-59.57199923746655
A,T,-53.741333441739755,-52.81296998362637
A,L,-44.943120206447986,-52.58856864252568
A,Y,-48.597973177701576,-63.064123458743346
A,N,-38.15775044423602,-64.27462518738386
A,R,-40.610012565051356,-67.84148480112826
A,I,-12.098931725947367,-83.09389886592639
A,K,-26.096197381300684,-72.1534711787732
A,K,-40.61200374282357,-82.4869403527897
A,E,81.6999836575457,-129.24715464922392
A,P,-37.99400710267569,-65.32944251925072
A,N,26.32885854344199,-96.8144332841677
A,K,130.2984033154962,-107.45021843468022
A,F,139.50449103745797,-70.3522691368215
A,V,153.4398343523848,-136.08503893627028
A,V,129.46726071046206,-65.46786329847508
A,P,149.54056877198272,-76.39488951977573
A,R,145.7536426387217,-139.84911158315768
A,T,115.89663546693694,-110.00880116069294
A,V,117.50081841427146,-106.66378163167049
A,M,116.06342639461327,-106.3516884489582
A,I,126.84303956695874,-118.69255303004013
A,G,152.5028848322722,-149.11372651861194
A,G,169.7367403911571,160.44738718886632
A,K,140.73577720628984,-106.72557744686053
A,A,135.62225387205297,-99.53765518280373
A,A,141.44928188754065,-58.14564852563672
A,P,-39.85910134294057,-42.34428666172401
A,G,1.6222170466480286,-94.83550216707924
A,Y,90.56880009134412,-92.59370268131842
A,H,-44.51861527034291,-56.57417251023546
A,M,-47.19974463133169,-62.48219120399609
A,A,-42.37228786057442,-54.519150069596904
A,K,-30.722650861656497,-61.81267503916694
A,M,-34.9267127842605,-78.07256369734935
A,I,-43.31546035808617,-61.9381341660141
A,I,-40.929388244556826,-57.560870863607654
A,K,-41.30184506377347,-65.3872078867458
A,L,-42.86113689240661,-61.00729383882821
A,I,-44.59126356753249,-61.94569042961179
A,T,-34.73331789583351,-68.9970787695616
A,A,-36.05522426589136,-68.35968121801245
A,I,-49.59916689942845,-62.86255335381241
A,G,-37.48904800408422,-57.31887866477677
A,D,-50.6597651338112,-60.92060224861212
A,V,-60.4365775308056,-64.19644577847731
A,V,-43.383092495158444,-59.96668352269701
A,N,-5.865049799995768,-75.06529338359537
A,H,8.296201781556194,-117.28202709683055
A,D,132.6854107090139,-74.65448419868692
A,P,-28.689272174582403,-79.79249384905808
A,V,-32.86644612364075,-66.479040618218
A,V,-44.149660518919845,-69.73207623296771
A,G,-136.25146791292323,62.530887088866734
A,D,-0.3128841256682324,-88.48890688981339
A,R,-25.81424425770624,-64.83884383542383
A,L,122.86358133474742,-151.75153764303514
A,R,144.41076803136534,-124.85420512584939
A,V,119.73153207316116,-120.92798070955926
A,I,125.4640419997141,-123.84545462037593
A,F,117.611044671014,-88.49067261192371
A,L,95.17990867870503,-80.59576212122316
A,E,139.2112927261573,-59.01387820128029
A,N,52.650663436175975,49.92073492955585
A,Y,132.04011058136993,-60.02622877383454
A,R,177.11807975723633,-160.3195034210331
A,V,-53.70062573763048,-50.92804630481068
A,S,-24.636296339703204,-66.08822889073602
A,L,-39.20360306497059,-76.08427548996445
A,A,-33.737084492757745,-62.274303771499135
A,E,-20.12364717540713,-63.93967491989633
A,K,-50.5649847224089,-93.40843232093287
A,V,-43.781435631794174,-67.13599930524198
A,I,-38.14542412197613,-65.25701669250321
A,P,-30.8681081650799,-57.10301310061601
A,A,1.895390153773747,-94.1815010010952
A,A,147.48471823295918,-81.36752180112009
A,D,-40.94033200573401,-104.68969695787979
A,L,130.43128053714446,-128.81536061101045
A,S,114.27531455185292,-97.19026702612778
A,E,114.48563353677362,-85.06301146325765
A,Q,66.52647751438657,-132.78630545296076
A,I,27.827338789515306,-100.89197828446642
A,S,153.17416519007256,-80.94704281149501
A,T,128.2088884042912,-67.65025626859334
A,A,125.73171603490763,-44.28771606234109
A,G,-10.138206069784573,102.70818655812886
A,T,-43.68016323214465,-93.9081831226181
A,E,112.91437444794416,-80.39111367954598
A,A,-38.60540853307453,-58.45338589658992
A,S,-65.8489171554494,-147.31415852472486
A,G,147.04839655840493,84.7709355535455
A,T,-15.117993645921059,-137.21418101050293
A,G,-44.53452250585299,-60.230436937626706
A,N,-40.83913307193805,-54.64542937219256
A,M,-42.24828275279378,-69.58622561599627
A,K,-37.17474819818283,-55.98696841820624
A,F,-33.14771059227918,-75.32572805431013
A,M,-43.25238052355243,-68.5835082830969
A,L,-2.9503017565005027,-80.62695418876685
A,N,19.534657244509546,-103.67632227078805
A,G,39.72096230699342,73.1953734898001
A,A,149.63918411763098,-114.7788667782696
A,L,152.680039513018,-98.2264018761415
A,T,128.58172589814308,-103.65947640535089
A,I,127.30002324179496,-97.62273462416574
A,G,163.21855472721305,-167.52917258517033
A,T,161.28347584109287,-83.96270947812656
A,M,75.13429821775802,-81.61181179654436
A,D,159.89897219959343,-132.67990404137288
A,G,-133.73132286443297,37.48073438538446
A,A,-7.416062203320079,-78.7941413880955
A,N,-34.24472502393313,-55.63810245406056
A,V,-56.33710276474311,-61.30625323994354
A,E,-34.382899050005484,-66.5048410343353
A,M,-51.60504380272274,-59.243625073030856
A,A,-35.57185641425803,-63.00783848539978
A,E,-41.72487231243423,-67.206177697564
A,E,-48.02744073915487,-67.09691872897861
A,A,-14.693265970261209,-83.63262824754291
A,G,132.69738510569223,88.88580411751488
A,E,-24.747205063049353,-52.58175857470732
A,E,-21.388244311682087,-72.58504224500052
A,N,15.185347685202712,-94.48104994035434
A,F,154.14746466986443,-136.8614048201059
A,F,84.27414966926688,-111.81007784450517
A,I,140.76908978328532,-87.65628574024481
A,F,168.14358539191466,-140.95595354815762
A,G,-177.28774573052488,93.57200641348551
A,M,138.58349270797274,-64.96276550051034
A,R,-177.12787843573105,-94.90730909169355
A,V,-45.617603643796144,-62.83581969429454
A,E,-51.529259014439575,-41.86925318902056
A,D,-32.86850388237752,-66.37267815621668
A,V,-50.655001818757675,-68.77718526381186
A,D,-33.673713077888834,-63.83406841550393
A,R,-50.35861906841178,-60.20243901552408
A,L,-35.25870514609446,-58.859443444253465
A,D,-25.010301985880776,-77.23071803223759
A,Q,-46.64922077338725,-67.814721548803
A,R,-53.61227612922506,-61.15336357472947
A,G,114.0423486275551,116.37361902037415
A,Y,128.22901965103597,-75.16882971388732
A,N,108.50438212015719,-131.34988980209755
A,A,-20.30620725760204,-67.61380745052725
A,Q,-44.4963660343475,-65.04480748342198
A,E,-44.31947962373439,-44.67917546009953
A,Y,-35.58746525132154,-69.09027745208175
A,Y,-38.62790642816134,-70.74067074703368
A,D,-44.37467220219982,-71.34155398609795
A,R,-18.378964648795,-82.77675452332919
A,I,97.30847138760882,-116.04861344922536
A,P,-45.35778479700252,-47.17754596466975
A,E,-41.58992737251082,-60.03176229214265
A,L,-40.456195162946905,-74.21115873411428
A,R,-47.71473072843291,-52.71065616267062
A,Q,-49.76652133051177,-57.66041396336204
A,I,-45.19978915189779,-54.733526236235235
A,I,-45.76683561613372,-67.46430661690223
A,E,-22.296908033157024,-68.5856694366352
A,Q,-40.389895407862845,-66.51165272666732
A,L,-58.64054518688038,-65.05325318913974
A,S,-8.311479613927588,-55.119395250669946
A,S,-2.039920321023697,-116.65019249798827
A,G,22.493796800771655,87.31928448503145
A,F,-44.70888865295732,-59.807668479126285
A,F,-3.019998603508051,-86.29089550602117
A,S,74.78683239599218,-147.1268980321264
A,P,-55.69338529329145,-62.253501235563554
A,K,-36.42906879526693,-63.13734963723771
A,Q,75.78919219157773,-120.67517657940454
A,P,-27.17156281003727,-68.67967129597767
A,D,-3.781817413740299,-85.75811002089863
A,L,-40.27147510374614,-44.516263489968175
A,F,26.95360927689664,-98.46235994223771
A,K,-25.918680799990412,-67.5267691236961
A,D,-39.28640750786867,-74.52160135792272
A,I,-44.864442818453625,-67.73431312026337
A,V,-44.64374863758999,-65.01672938902661
A,N,-47.0991401723306,-59.797620264621564
A,M,-56.78113878903027,-60.53646610986378
A,L,-38.053668727852774,-55.04594286409103
A,M,-32.65627784436517,-78.01052339487067
A,H,-14.228745359429634,-126.35290963711529
A,H,36.4559237745117,-148.1361180528022
A,D,105.7053066105665,-78.97756272578506
A,R,-19.991307523643137,-74.42556388675449
A,F,18.632169770405838,-118.24364165842735
A,K,67.86863557674336,28.15393085601557
A,V,-43.570330348239196,-59.6966569556423
A,F,-24.833403216622653,-67.19793697189266
A,A,-24.50680481206971,-67.70627928722685
A,D,-0.5928515339249113,-102.84219332503837
A,Y,-51.96863475192937,-62.65966112299507
A,E,-55.04414777362103,-58.570929950105516
A,E,-31.147424423925962,-58.58846851189644
A,Y,-45.11463428559842,-73.81912338906756
A,V,-33.37798478116993,-68.47895838386044
A,K,-43.44519908031736,-66.95036984727845
A,C,-40.346504549670335,-61.33540213728966
A,Q,-35.16855458865322,-63.4086604729586
A,E,-41.00518374752746,-58.801246647842255
A,R,-25.697641027328057,-73.54297036915578
A,V,-30.71864236199053,-75.96246724100999
A,S,-32.06946849492638,-71.02903591956922
A,A,-40.200898290797795,-62.491533001151474
A,L,-24.177958111777237,-78.08063366618192
A,Y,-32.00665078143537,-70.30247048785064
A,K,-6.7203146920204935,-63.5544776389193
A,N,79.19583253063203,-128.79267949173
A,P,-39.107235722762965,-42.718349247487176
A,R,-41.683301624805765,-74.1159990234405
A,E,-33.56607253721857,-76.14515347024594
A,W,-46.48346468563689,-57.38014875491068
A,T,-26.922732986129812,-70.46946365342812
A,R,-41.58924482190676,-73.16065769485465
A,M,-45.04476968732689,-59.61322476840683
A,V,-42.37732766451318,-52.23481022621023
A,I,-23.077422394403957,-68.08296640051256
A,R,-31.354868132739764,-75.96472626653735
A,N,-52.82788863487347,-76.38514779397282
A,I,-45.663296305861095,-53.837399084379115
A,A,-18.0696094525683,-69.24153810601803
A,T,9.477973536176581,-113.51905559427243
A,S,2.5529258499404697,-86.57174530817174
A,G,-10.900923969466687,-72.18370465769932
A,K,-31.423041452747263,-61.183678611105286
A,F,26.926522461015455,-85.02975587027292
A,S,139.12923472948358,-87.6485728036119
A,S,-7.850414130584553,-68.65851871010979
A,D,-32.082066015013375,-75.52768603018623
A,R,-45.73120870593099,-69.15881691786244
A,T,-51.49034828199758,-58.00664802773058
A,I,-39.42234832874639,-65.34709578987054
A,A,-27.1150523464733,-65.77788302933978
A,Q,-35.29942611132238,-80.94609876199664
A,Y,-51.337656284199824,-58.8457775836931
A,A,-52.37906166101071,-52.74170016478111
A,R,-38.58834336701097,-72.49592525351821
A,E,-6.303734128659277,-111.79410219236698
A,I,-43.590352889690735,-120.55876562873097
A,W,-26.740587311582885,-89.78761862824788
A,G,33.499349871335006,78.94495954395914
A,V,161.79162835737122,-128.20120238409908
A,E,130.1468634083471,-109.96161287937214
A,P,157.3309475355324,-48.884926019123874
A,S,119.60632352654814,-148.38636131846408
A,R,53.33268389309725,-92.18745095546087
A,Q,119.11801412212552,-104.09206991084888
A,R,126.61535414543752,-57.47663425506304
A,L,142.8863433807249,-68.15972658266841
A,P,86.99669094536497,-57.19808483728042
A,A,178.53808523558618,56.182100210250475
A,P,-27.877377405027673,-82.6499806677476
A,D,110.92044268348108,-25.126099417008668
A,E,-94.07344979539816,20.260599576190607
A,K,129.03782695382276,39.66582279710116
A,I,113.84974784823328,-124.13818668378849
