Chain,AA,PSI,PHI
A,H,139.5887781712464,-123.45539887028681
A,I,121.34084592773591,-147.6928762586998
A,G,-126.75689093898585,47.59951998374731
A,N,33.39042416991406,-92.34000990795113
A,Y,144.21460135217222,-136.01018905256328
A,Q,117.92132057864698,-117.92407543192745
A,I,136.7236186828097,-74.7350481664371
A,V,-62.661577601592995,-110.3425444116814
A,K,170.2475576634755,-159.6609956479773
A,T,140.58066489756766,-100.59620849856654
A,L,174.91854531322554,-146.18795136805218
A,G,144.0280704737172,-103.48310849647876
A,E,80.2192290621785,-129.3997374414594
A,G,-130.76812450188584,47.82642709304355
A,S,-7.620463890335137,-67.76941084205535
A,F,-12.366428367631636,-80.45034406348925
A,G,-146.140916265661,62.681093623979656
A,K,119.4575391452864,-63.92354316375331
A,V,165.13858657298536,-125.78662691311193
A,K,123.40699602687651,-113.19669366809565
A,L,129.7085760832861,-65.21252371531772
A,A,151.21701447000788,-139.2234536283226
A,Y,129.9869234956026,-105.03153579260757
A,H,137.19549274744952,-56.9761176069317
A,T,-7.568977845484214,-83.37546644935556
A,T,-46.319456405902955,-118.41740039184081
A,T,-18.058192787302886,-92.84423442896423
A,G,12.09111229473455,72.03697288696208
A,Q,134.6180735015767,-66.11917662588664
A,K,140.6381647343598,-73.76167212096404
A,V,153.71202070424033,-150.2282052159736
A,A,137.18258549092135,-110.39103923795905
A,L,116.16839720516033,-107.29590076572937
A,K,109.30174831919155,-97.75003522427174
A,I,119.9804360312885,-96.75261322874199
A,I,121.38829232302494,-107.27480537731802
A,N,46.17249994701925,-114.44861213465026
A,I,-48.55215445401145,139.6117508511911
A,E,-51.914666061222476,-53.324683786686116
A,R,-44.17352104775059,-65.27129647636775
A,E,-32.041902390296755,-63.9679912623917
A,I,-45.482217466611594,-66.46309142950894
A,S,-40.48570528250515,-59.859700553489404
A,Y,-34.890519355218,-68.526603104959
A,L,-37.517588648804264,-72.55172511848686
A,R,-29.09159528686352,-54.8305751134509
A,L,-19.231675527659174,-71.92365183607785
A,L,96.28483839084245,-86.94111426052791
A,R,78.99361772194686,-125.53751187660207
A,H,143.7690905570272,-134.38847651235938
A,P,-13.393620137334715,-59.47657065961845
A,H,23.0145689814903,-124.80533184210898
A,I,129.96526820233083,-122.87460725460039
A,I,125.9584701114835,-48.30256439477057
A,K,142.6603379727178,-99.03781335337257
A,L,122.41373795320362,-87.30169797023126
A,Y,-45.553927708838025,-87.4071252865099
A,D,161.21068333127997,-162.99974888066885
A,V,123.87740200555656,-125.26058212825244
A,I,133.2436293235106,-109.73700176131672
A,K,112.61164409332852,-99.48212051200598
A,S,14.054631141710871,-90.02663621269521
A,K,40.34333069593671,45.09516336779448
A,D,-40.78872801985946,178.89074578607483
A,E,155.23016394209574,-142.68297796603113
A,I,125.98756930727767,-105.265554889189
A,I,118.12186284426251,-113.17171532222581
A,M,127.76927402792255,-89.18195730841867
A,V,103.16244662114723,-102.08667503233355
A,I,166.575393900227,-116.76076596646875
A,E,138.36854050214833,-61.097325712831704
A,Y,129.89073103560446,-89.72372228342208
A,A,107.86421666342035,-148.10072377805378
A,G,1.7366664184820604,-95.90642793464635
A,N,161.93874686094816,-126.52532284791432
A,E,143.3970230474105,-108.33378536180317
A,L,-43.67508912416083,-61.367711355487806
A,F,-33.57746780429985,-69.20551001562139
A,D,-53.1995508992348,-55.38828399340472
A,Y,-42.61482260668737,-57.739146984870196
A,I,-44.62253307244563,-61.14803412184911
A,V,-43.40703281840955,-71.21203974254617
A,Q,10.24737372765815,-73.93500480678425
A,R,167.29898376023098,-131.02116333504821
A,D,177.28319212249227,-74.51130244089275
A,K,123.18424841121794,-50.18076588432378
A,M,153.78864883553163,-88.41261270734434
A,S,154.85567902943862,-62.90754052433482
A,E,-37.600153892385805,-54.59373904349299
A,Q,-34.20886905150882,-67.35537372485553
A,E,-46.98128527273766,-68.99909451259055
A,A,-47.65661813797605,-59.16593302236432
A,R,-42.66295846281981,-59.23798276152067
A,R,-50.63862893560587,-51.28255947475022
A,F,-44.7571214317607,-64.0097183171075
A,F,-37.97387022971153,-60.69932003670314
A,Q,-40.66071935884214,-62.65253791176619
A,Q,-43.5538869094205,-65.17207682737441
A,I,-50.54551488145181,-63.34381901844176
A,I,-40.05909016788124,-58.64904200021883
A,S,-41.76359155870465,-63.74420342723766
A,A,-39.921271897088715,-65.89339310927217
A,V,-45.56955232187038,-63.34217159349813
A,E,-45.76315046000577,-60.19945873692039
A,Y,-51.07501726490482,-52.30502975280396
A,C,-40.628666887517134,-54.958945752669806
A,H,-46.52246501853747,-65.40358042034023
A,R,-42.298114946617794,-62.38356539306833
A,H,161.48841022199912,-82.673251427589
A,K,72.92563839896916,-94.82240593143463
A,I,118.5811351493163,-102.81168415328561
A,V,122.65621620528285,-44.40024517838214
A,H,131.62377302579154,-63.70116745274242
A,R,125.24346068517897,-118.94955830191557
A,D,120.58293061071997,-55.38505280023516
A,L,120.78317193886072,-60.16320942615491
A,K,136.55631180695897,-107.84886043513929
A,P,-40.49206310420535,-45.38303988769107
A,E,-8.78842475313664,-73.54335274796713
A,N,-4.185759879611018,-95.46496783153603
A,L,91.73454878547192,-90.56367495594793
A,L,167.05302900919438,-96.74186027321494
A,L,133.27765440151663,-130.420520630655
A,D,-174.9348218530326,-93.0425234751977
A,E,-21.187748410874548,-69.01879119467115
A,H,4.87374099730581,-79.35580860648635
A,L,39.39098302194909,54.124347837121114
A,N,133.4791933186745,-100.51301287287872
A,V,134.29416882663628,-60.92102097439657
A,K,112.54159205994097,-131.30927164905262
A,I,119.59912036033896,-85.66296807136867
A,A,112.84346554145475,-80.18215043102578
A,D,94.11047399266313,-124.36391072864384
A,F,145.6159407049985,-159.22420752598507
A,G,68.27312416405078,-146.6485230575469
A,L,-13.365842998987754,-120.09213263845838
A,N,-98.11087910290145,103.8283889562629
A,F,8.584803535591782,-100.80726852611278
A,L,-1.2362537229987578,-104.36573504177103
A,K,-48.08262710476071,-100.84263153854508
A,T,148.98840177168114,-160.11634320888734
A,S,4.948644633585775,-111.98075452133132
A,C,172.62601156039108,-138.21809739473625
A,G,169.45167302747734,-65.35260779443202
A,S,127.25418303008968,-66.58672759608778
A,P,-27.07018172884658,-53.41370696571668
A,N,-19.509191216574152,-71.28629861733947
A,Y,-2.430175310301697,-105.29568646141266
A,A,135.7653382038268,-78.08501435491814
A,A,151.25007639151917,-76.21108681981018
A,P,-40.877582770326946,-50.75858972307868
A,E,-28.04646160275914,-69.68607766132162
A,V,-57.02806202692207,-75.87302492596105
A,I,-49.36141219303136,-46.96448373484369
A,S,-22.912709944804952,-74.49483217490472
A,G,-22.467645350016834,58.754797272752505
A,K,-24.59331947636996,-56.51449555480633
A,L,166.03907488036373,-110.4920178706524
A,Y,170.04271996806966,-93.90874238539314
A,A,169.72326598844234,-126.38725985799982
A,G,-146.23002136590037,-158.0408189852812
A,P,-5.79838316053762,-77.63460645418837
A,E,-12.662147047993374,-78.76630155742095
A,V,-32.81968623605642,-67.7743086106803
A,D,-29.121384397885446,-66.43564872672088
A,V,-39.35627195085623,-70.12402553094297
A,W,-51.28985497781521,-64.26013597734159
A,S,-52.07561395756165,-50.058537950718886
A,C,-26.45840373950148,-62.726547376824676
A,G,-38.20915668705685,-74.1828259240998
A,V,-47.164021904559114,-66.48665401480181
A,I,-47.59954721276779,-55.193738173781405
A,L,-40.13405669457072,-61.6104378390248
A,Y,-48.397832359411616,-61.32884338083077
A,V,-43.998120714487676,-58.477076793487356
A,M,-34.17069923880072,-67.39944110973533
A,L,-37.99678731822993,-84.98280799478465
A,C,-9.982125450632006,-102.93210609348897
A,R,29.88346033921979,56.29811847328658
A,R,155.42868259646596,-157.49486141554937
A,L,137.58291177046797,-70.92352695887455
A,P,-38.733872920481694,-65.6825873334105
A,F,117.19565834645132,-116.5691948030185
A,D,-26.35569580908199,-118.05883305759471
A,D,146.3179911410585,-51.42669711271813
A,E,-31.2401235985529,-82.10385743285018
A,S,127.19410980044405,-88.77224692822264
A,I,-53.542939690166136,-52.00884770933714
A,P,-25.845182400538473,-63.676543113978994
A,V,-40.65171461705405,-76.26462085789642
A,L,-43.29788014128008,-63.113897087915426
A,F,-29.4438477546016,-69.26112140852955
A,K,-40.74392999866553,-69.17170061791433
A,N,-36.836718324977795,-70.3939782328359
A,I,-45.745150271603386,-65.34715330259245
A,S,-29.54611182057083,-65.84883945332025
A,N,-5.195787124540166,-97.6993502423313
A,G,36.28853118593331,67.08905724216065
A,V,112.83420980092303,-92.2789834274864
A,Y,158.6941873012918,-164.22093354960592
A,T,132.8838044052408,-104.4047151517649
A,L,111.27931466704037,-97.091919301633
A,P,147.3599716465075,-54.96662734688269
A,K,-13.250565712880045,-82.49542864496294
A,F,-13.85710179389291,-71.83141350617134
A,L,148.03826708555732,-69.77740744599522
A,S,159.09566331448127,-72.4156492342064
A,P,-42.66420061057493,-56.38964973684596
A,G,-52.03580773153529,-55.677589477352974
A,A,-48.46041770710888,-65.39726644773799
A,A,-43.452543020278156,-59.201914053676816
A,G,-44.75774067736312,-61.322007675201924
A,L,-50.43420548106358,-65.01275657138062
A,I,-52.27984038513449,-48.116379413883635
A,K,-33.00093328606091,-55.499308904872954
A,R,-16.953066017197585,-85.57107421894342
A,M,-32.05627195543992,-85.85904052776098
A,L,54.00809350032619,-98.14403108148524
A,I,127.61643774077015,-102.72380803069899
A,V,-48.68997461273741,-61.02931946678538
A,N,112.71390316218668,-75.71409195584256
A,P,-24.11460006598959,-64.14355271853194
A,L,-17.7588225609485,-74.55955992071473
A,N,-8.967703999737676,-96.78203965677702
A,R,140.58772782040492,-72.00082358261938
A,I,143.25352723261247,-56.03699647088949
A,S,163.79493660404367,-88.30510650582607
A,I,-41.71402299838451,-56.956793328863895
A,H,-35.079275912999854,-64.52935492487093
A,E,-35.33552589798591,-76.75646033614282
A,I,-42.43397496353225,-52.2747750281062
A,M,-14.198083586211077,-69.54241912839778
A,Q,3.6410784990765523,-105.43649089523741
A,D,140.38162324245323,-68.62321128599046
A,D,-46.75538194792189,-55.01481369372011
A,W,-47.139347937803436,-66.98607751035152
A,F,-47.319811460610104,-53.362717782797155
A,K,-15.65712295751251,-67.00299779521036
A,V,127.8687496619088,-60.631462294935204
A,D,31.21259913489622,51.74187442335235
A,L,117.66974008357113,-76.7753931850246
A,P,137.41553113721,-63.819132921261534
A,E,-32.902534586127004,-60.563547189570734
A,Y,-16.52700212763722,-63.54207075828533
A,L,-15.196744448929415,-83.68139190875692
A,L,149.1191784783409,-73.58609686287905
A,P,159.99123719629225,-74.34793739672023
A,P,-35.502280457535,-54.31470820149977
A,D,-20.221363367707617,-69.79443779095857
A,L,-11.958702691549917,-100.7420458558106
