Chain,AA,PSI,PHI
A,M,149.5982808030892,-54.37549862915842
A,A,137.75056518498639,-47.158786561856935
A,T,135.94644723355452,-96.54756028342403
A,I,121.30156839143471,-128.80655472888992
A,H,140.12227683691822,-60.52843128651073
A,P,-21.707572745871,-59.73962956214833
A,T,-12.865500453828473,-84.5383264567474
A,A,154.66563680176066,-70.36410946077734
A,I,108.67659316154709,-121.00713406491774
A,V,108.33966988207294,-108.76644818661747
A,D,146.48375377169734,-71.53651295081976
A,E,130.38351413181448,-45.16403514035151
A,G,-24.006926969418473,106.29417485658915
A,A,145.15445191382054,-65.90109219612283
A,R,122.62510158042828,-112.91570609131372
A,I,123.77392792576356,-129.69319561620796
A,G,164.54803887408104,-74.04574082411848
A,A,143.47636837135755,-50.677958879302615
A,H,3.54222737024027,72.71356436747874
A,S,157.45349541410263,-75.77054921447811
A,R,121.78760141611401,-131.0299572422211
A,I,120.59056236376972,-117.05947632098217
A,W,-161.15069271075086,-96.30848988986908
A,H,135.27414001937788,-67.26980541039036
A,W,38.870824783234106,52.85758451382852
A,V,140.0232331653528,-83.40841842756468
A,H,121.20505508000724,-120.31103548077346
A,I,125.02531650246966,-116.44732254033202
A,C,160.18581237058163,-75.98887105862698
A,G,-20.742647661275193,-67.1515117420234
A,G,-14.2133486174534,-80.67123355047215
A,A,147.18871610439103,-67.24381412090487
A,E,124.57641150192214,-127.0695703688138
A,I,134.11321612259957,-128.53837388899413
A,G,-159.91923364764924,-80.61392473752092
A,E,148.7216001815635,-89.65877398005398
A,G,24.000003776304155,67.86454553416412
A,C,160.5936955209349,-84.43779709091719
A,S,125.77730597655794,-131.76538572479242
A,L,112.89559905101574,-118.75062192099796
A,G,-173.50301067328053,-77.45130867349788
A,Q,132.89735601757016,-52.1034746293623
A,N,15.188609038906534,68.20176143867907
A,V,149.7776540480426,-62.037362987184
A,F,140.42018768631377,-122.80493321845307
A,V,126.99373631605289,-130.6383769115292
A,G,-172.27758508691036,-79.23779407644166
A,N,-43.01338018103783,-83.99816039960376
A,R,61.71954868528771,-91.71834693573199
A,V,132.80174058901036,-139.08358293314097
A,R,126.83014997146165,-122.15339667837102
A,I,129.02449216533086,-121.08679806065939
A,G,-152.67489314304837,-78.18763514785014
A,N,145.9024210852447,-93.51494951359888
A,R,33.30379677798675,63.363504543460785
A,V,128.9511169977611,-89.46303442214133
A,K,115.67630443901209,-109.33945058486228
A,I,117.27326907783994,-116.23995577971023
A,Q,175.03727642447888,-80.07685682333768
A,N,145.39711855725423,-49.55052440057323
A,N,28.114501043334457,70.25069434211404
A,V,126.58405902302819,-101.79042288874813
A,S,108.13430451841468,-101.77063716496357
A,V,95.45203386737555,-91.736621601862
A,Y,165.288803851354,-79.94570963477506
A,D,137.9096926434332,-46.56289398001024
A,N,9.346426432776175,81.9710083757214
A,V,132.27352691878167,-96.02019959647673
A,F,122.55484925440102,-129.24073435395132
A,L,118.58573723260726,-117.8022309066732
A,E,176.37120119413032,-71.5076696673518
A,D,147.67376788229197,-55.79883527671872
A,D,18.193272661465866,66.49256988394062
A,V,142.70944980267186,-74.73274401710371
A,F,121.9473069263463,-115.01172443023742
A,C,110.44796035852215,-107.37659664982881
A,G,170.5344587158309,-72.98037593419072
A,P,132.57475445374925,-57.49277543471299
A,S,22.548767161164673,57.77088977517303
A,M,160.401870566133,-69.38045213151211
A,V,122.07573465654167,-131.36478602752155
A,F,160.2540084647006,-96.9953693531919
A,T,167.129003447104,-134.10850242350622
A,N,-10.14208705410218,-137.1582618719861
A,V,128.10234872583138,-116.72505590856828
A,Y,-39.831769946094994,-68.40398462366944
A,N,64.72252909876299,-135.64207935074825
A,P,144.33460466763762,-68.37388086030639
A,R,125.28473374585133,-137.6723472405861
A,A,-31.554314777453286,-56.96845013968432
A,A,-17.450961114067233,-75.0243707996218
A,I,103.02837812533129,-119.38369977414803
A,E,126.8481550260621,-66.00580395795521
A,R,22.35999986093516,-116.70199351512838
A,K,-25.114237384658427,-59.030823693736586
A,S,-3.303685997320544,-83.61245299190021
A,E,15.595315258574269,-114.3816188683974
A,Y,143.18888012751137,-56.45696727265403
A,R,144.61736410459665,-108.72550995393833
A,D,148.13661682878225,-74.6675676672042
A,T,116.04957155695479,-124.41669948642839
A,I,124.33077964235984,-112.77264942564481
A,V,114.05259140014354,-114.86251823326418
A,R,167.72452668680762,-85.20424684335653
A,Q,133.20051510024123,-51.747754713432656
A,G,0.45257463556385075,75.7427881224683
A,A,146.83176274068867,-62.49439795783149
A,T,122.83934811592711,-115.3849042288777
A,L,103.9517977812947,-104.54321808497264
A,G,159.70505917179597,-63.09065399305617
A,A,129.7242869781865,-44.21080630670417
A,N,18.106084658345672,63.613128277810056
A,C,167.95578521298768,-73.95101674662959
A,T,140.83839825026413,-133.76378434023442
A,V,114.89099252185038,-120.31775905803033
A,V,128.5726549100458,-70.40429303877106
A,C,148.35875641986024,-55.934765478491606
A,G,-21.478700819171454,103.65983469767116
A,A,146.98832742852565,-77.9571418372283
A,T,134.53770430165554,-107.9794004566569
A,I,120.94941906426978,-107.43907774205354
A,G,172.31578029234427,-78.13891363571896
A,R,129.04893390824998,-57.079150463595425
A,Y,19.53911160787801,57.80957596678351
A,A,164.01758734498878,-61.769129309004285
A,F,113.55858841162201,-138.33271674870156
A,V,113.3728684692389,-96.99612465188953
A,G,156.44181265127722,-60.55987797809219
A,A,132.75448443311964,-51.96159746900443
A,G,0.6523490353967899,77.22052175054884
A,A,156.7268272190036,-69.18970012264312
A,V,104.8035257136845,-116.0743633796949
A,V,123.54461770650309,-84.89351790577629
A,N,22.1372900881976,-133.45885390554642
A,K,166.46340505616263,-149.76527118758457
A,D,147.64688708929117,-60.71819684766215
A,V,119.58970478684324,-111.63818516158248
A,P,156.20397468938924,-60.72027628005744
A,D,135.44298493541586,-50.04040799637324
A,F,1.1630842784067714,71.89784552816215
A,A,136.50327417589222,-74.32626632348415
A,L,118.61676857334969,-97.28405659074369
A,V,140.50630834353535,-123.77418689977691
A,V,160.13500890104163,-141.11619297049188
A,G,174.0488332074152,102.52931588627969
A,V,102.39551219464396,-124.02329339079573
A,P,168.34241433290723,-75.70618081879574
A,A,139.5565864066108,-72.63257507050717
A,R,146.00773789144864,-131.60144695522567
A,Q,126.90681688345828,-72.72396473459456
A,I,-10.477731625965708,-115.54327950488896
A,G,-161.36981056874953,179.6492836312578
A,W,144.3673046168203,-133.55383306491112
A,M,129.45619374188826,-117.39422026712532
A,S,162.52582952078876,-65.3725567771656
A,R,-40.92017499309272,-51.02278268476896
A,H,-23.89045211120587,-66.43060943240522
A,G,31.762439399536404,108.85707874128485
A,E,153.24454258809308,-130.19095871738378
A,Q,141.61736872037872,-64.81573161570813
A,L,141.4296935003668,-94.46978268387522
A,D,73.68673584082515,-83.5022184706469
A,L,133.73776609724965,-140.11345851260123
A,P,162.69356513892131,-70.07212781257645
A,L,-33.940607895678326,-69.32943805481078
A,R,159.01412346964227,-123.47137426367843
A,G,-154.0271347392637,89.85357711595488
A,N,137.8506088950668,-117.88616590269889
A,A,171.8129519213994,-171.11447825117773
A,E,155.82346338394186,-138.35831327854385
A,A,163.26422779511327,-157.1105438906096
A,T,152.62434617111927,-116.87695471683351
A,C,128.23020126797206,-63.63514721531784
A,P,-20.239091502468394,-63.213693251198
A,H,-49.88855844396829,-90.7514444831853
A,T,-13.94062584270294,-102.06313033554962
A,G,2.7185854497060515,71.20429889006253
A,E,145.08195589194702,-68.03863305859593
A,R,141.5719127040971,-90.7170530856691
A,Y,145.16772841343294,-118.87439976206532
A,I,128.60033405382077,-116.43196332022643
A,L,127.03714664748603,-101.40760739238895
A,T,117.33849888278867,-130.55502573373874
A,D,45.53270432207467,46.710229434810934
A,G,10.725930700400184,77.64523144475311
A,V,125.86833418191044,-115.43211941128119
A,C,132.96004502228854,-96.96119757292878
A,R,160.04472214674172,-138.1627628980212
A,L,137.49452911104467,-68.23076811026202
B,T,126.44173965851463,-104.75883673942566
B,I,123.10791277447296,-124.8874684279884
B,H,142.25867378854133,-62.26155403490146
B,P,-19.568992679921507,-62.33962718793842
B,T,-11.50937575070124,-85.23060055229851
B,A,155.5189060628663,-73.36124163032937
B,I,108.65809785334964,-126.89438542540495
B,V,110.57099513668751,-111.3871480697325
B,D,149.32562704710472,-70.71113313127537
B,E,132.69872330200536,-55.0235312839054
B,G,-24.686241652618346,107.79046899166138
B,A,142.65959799192046,-62.841657670509356
B,R,121.94421688564046,-110.39458315338108
B,I,124.27150758445602,-134.1117414486821
B,G,163.5753278860678,-74.95936939366486
B,A,146.0199087288137,-55.50085548408061
B,H,7.261574694661304,74.16976223881903
B,S,155.58579684034763,-81.86701101896743
B,R,124.17318942859092,-131.19781164653608
B,I,119.73447838626437,-115.9970392560576
B,W,-162.4279850388725,-94.95097825894078
B,H,132.2482598396203,-63.56070368271064
B,W,40.19622260873823,54.539591187382804
B,V,141.0405814724877,-86.59134865803784
B,H,121.21547423857346,-119.15414933279564
B,I,126.76569388916329,-115.79974786548826
B,C,162.50856643250927,-79.20890089958132
B,G,-16.016869805492732,-74.91250368480381
B,G,-11.91678941629741,-84.08367078137022
B,A,145.69135296634,-64.07675263522843
B,E,120.89955264476393,-124.18146529095351
B,I,134.42004794259287,-124.63331098930293
B,G,-156.64031575141468,-83.41215302067951
B,E,149.59089664838498,-89.6328564868339
B,G,23.00101582315616,66.98832980859915
B,C,163.52822097447526,-83.4714099505152
B,S,129.74614802112922,-137.44091108296968
B,L,115.41091619029618,-122.2214415068766
B,G,-176.99577065779405,-77.36620899912364
B,Q,129.66981023512832,-47.545660559024185
B,N,15.591173136976797,66.4843448126305
B,V,150.07314023041448,-62.39284267212772
B,F,141.21714718179228,-125.45179041126077
B,V,126.30649333739937,-131.49166019868377
B,G,-175.29646244546333,-77.24411838370506
B,N,-45.07425080218199,-79.74503091380392
B,R,66.90852895136148,-90.2992933992226
B,V,133.5559053560736,-139.258396818178
B,R,128.90917508189588,-125.27374136331204
B,I,127.27829649814062,-125.37866517705761
B,G,-153.84383524224398,-76.03453606157927
B,N,145.74826294028367,-92.55567971330956
B,R,36.97975029307123,59.24777547431505
B,V,125.16183180482734,-89.53015017891397
B,K,116.52074089972234,-109.99343440519178
B,I,119.07727389981078,-116.91653278620488
B,Q,174.2330329334728,-82.19105828836358
B,N,143.62169079718018,-49.3943276491135
B,N,27.732858435020916,73.02843421615887
B,V,126.20722740028536,-101.05573386048648
B,S,110.26260818885069,-100.07103880737286
B,V,95.88394546948498,-96.50792618253509
B,Y,163.66510286001147,-80.74003468098333
B,D,137.87938408794818,-44.900908596574126
B,N,9.869197501223091,81.27013921977822
B,V,130.9362154151362,-97.86598448585919
B,F,123.4297798493468,-126.94375479242841
B,L,118.53766756932141,-116.2473488158583
B,E,178.73556406562312,-72.70591287505127
B,D,149.30469943001398,-60.336213070405805
B,D,20.791474051217037,64.46076745124661
B,V,141.64290833840303,-72.16440567251456
B,F,124.49813134519576,-117.81460094317934
B,C,114.4013385580469,-113.16857758624244
B,G,169.5513239152246,-73.48762491800973
B,P,131.98794454656013,-57.55493652182021
B,S,22.22762742009491,60.83749123610328
B,M,161.93944738527824,-70.2246676754161
B,V,120.27504742688863,-132.44501298797445
B,F,162.4845408496676,-94.75824945726433
B,T,166.57111811562862,-133.77610632190138
B,N,-11.9646905996558,-137.51621607952345
B,V,127.29821154417333,-116.22552623236646
B,Y,-39.660981830588504,-68.3606682668931
B,N,60.78234018512271,-135.7937706894945
B,P,143.63412471085897,-65.66059912464733
B,R,125.62645263365879,-140.36311131606865
B,A,-32.327507271865855,-57.15644210911754
B,A,-16.744431659131596,-70.90936765621787
B,I,104.87431575548526,-122.55944988609795
B,E,122.97232961088635,-64.70927553654585
B,R,26.247840150445512,-117.79252272382122
B,K,-27.41716690042924,-59.72337146529156
B,S,0.42636928779702254,-84.30567917195138
B,E,18.024721674210586,-116.9614978645689
B,Y,141.66720247453986,-60.14205399521188
B,R,145.91404180527556,-109.62951390537188
B,D,146.716485130486,-77.5822304503207
B,T,115.76043751460254,-124.9666864475553
B,I,123.15952858527531,-112.99752659121563
B,V,112.45924103337136,-114.88119138579333
B,R,164.55082589446178,-81.14872459637286
B,Q,130.6009530626153,-50.17783985149304
B,G,-2.5423183474624023,79.59810066599988
B,A,147.6278234200552,-63.851924868373
B,T,128.14506359127387,-117.98742171963431
B,L,107.63155366516136,-108.49676027928886
B,G,160.54015942691098,-65.53719168930814
B,A,129.13366409794926,-44.93669730305869
B,N,18.801357830056386,61.98646451525943
B,C,169.10885239876615,-73.52544376997633
B,T,136.7012950161063,-137.80649465523607
B,V,118.67283898469833,-117.95777694967923
B,V,127.71445368790616,-72.47770964966966
B,C,145.86794849763334,-55.412641150544914
B,G,-24.559946520723894,108.22005840149976
B,A,149.40854866912966,-76.86996451678763
B,T,132.84221218890323,-110.65698921204563
B,I,119.82917219959323,-104.48542573701145
B,G,165.31417084703867,-68.78923771113304
B,R,130.28424034692853,-57.51947315078503
B,Y,19.14457110926467,58.76596245239498
B,A,167.5945861664426,-63.32723102374579
B,F,112.31107763097388,-142.99386949929152
B,V,115.16831252186923,-96.5149935157005
B,G,154.05866165897538,-61.219319649825245
B,A,134.58746025304796,-47.937735048445916
B,G,-0.48618190483370555,75.63892693644267
B,A,157.64227588783967,-70.5128491934006
B,V,107.12306938274861,-117.36152700881796
B,V,125.85650613999118,-86.96701819493029
B,N,22.30399458434601,-135.63604746152498
B,K,163.11415784961915,-151.4701066367702
B,D,144.48923676150991,-55.781201904888384
B,V,117.67995588647445,-111.54551160027137
B,P,155.00673273539275,-58.03708900486503
B,D,134.42491556663734,-50.42847783544103
B,F,4.16890708002199,66.87745567683375
B,A,137.90151167239324,-75.23462073833113
B,L,116.61168878920628,-96.77578651707364
B,V,144.29496718674434,-124.45296121024657
B,V,160.02952304240225,-144.67436886220523
B,G,171.8010395646153,103.44386962551691
B,V,103.22365966618172,-120.60803379057052
B,P,165.19161435946714,-77.20115028867053
B,A,138.25163867172864,-71.0587728996374
B,R,145.5644703431797,-130.8671656196348
B,Q,131.14339850620388,-77.27540214905974
B,I,-9.603471847434422,-118.79619821067793
B,G,-162.60427040511652,-179.36885116570238
B,W,136.31659870716769,-134.29872965691735
B,M,130.00774438498175,-111.41703105323181
B,S,164.327945046306,-66.12362166460899
B,R,-41.65921839118951,-49.22037012621339
B,H,-30.66378992976297,-60.891681089719654
B,G,37.539027877497055,100.0065549631957
B,E,154.17224391486002,-133.58742443148796
B,Q,142.86662238210863,-63.30111513140728
B,L,153.71931708153426,-92.07683294563196
B,D,74.98350306189644,-87.41480328400259
B,L,150.52761627262132,-132.35022377326297
B,P,156.76319044861424,-69.89361074905382
B,L,-44.210997167043914,-60.453721016965346
B,R,172.71315057733037,-128.97688431375659
B,G,-147.37272125500454,108.79236016697797
B,N,130.3880202243339,-137.91993884508383
B,A,175.4665399244612,-171.136971248321
B,E,151.55651072157238,-137.77628836212475
B,A,162.42701693835332,-152.92934029040399
B,T,135.2272928701444,-124.87863087464278
B,C,125.00111412662648,-71.30248305177133
B,P,-18.098905265409716,-71.7393890136231
B,H,-33.766718467184184,-79.22366930316309
B,T,-18.95834881224085,-118.85599638959256
B,G,6.245950699405761,76.65153676296651
B,E,143.82118348524264,-72.43020506540456
B,R,139.54871489535782,-98.66218000076216
B,Y,142.05123319330116,-117.22756246980256
B,I,127.01197717447616,-123.64581593550528
B,L,117.70511003701648,-100.19126852618851
B,T,115.76858969192229,-123.34284173625426
B,D,48.58205980942258,51.065346537490555
B,G,17.454435990314174,69.84315476248202
B,V,123.73041739696522,-119.39856128441399
B,C,137.27335591253444,-97.22347967569941
B,R,161.56772309758793,-142.93063627463567
B,L,130.4327511138513,-70.06903327547442
C,H,163.23976670520625,-147.6422642938549
C,M,134.90477245521691,-65.75590510034671
C,A,140.29314795676757,-57.46418668142079
C,T,-89.69182192900908,-116.96037374057858
C,I,119.60186363571233,-124.1772734478801
C,H,139.77315762221,-62.329513822570505
C,P,-24.604607237264293,-56.01718300002367
C,T,-13.393487946756228,-77.61977444652562
C,A,154.40018040512984,-70.44897617050495
C,I,110.34194363057934,-118.31512367635297
C,V,110.146823680976,-110.75572943540784
C,D,148.18818760426768,-72.3566268795512
C,E,134.83990502247576,-56.84986384065363
C,G,-23.96232177793759,106.12517430148002
C,A,139.8088371182684,-61.687630014708
C,R,116.2528953817623,-106.12542938019587
C,I,127.67198247254856,-122.0734347928404
C,G,163.49254948600108,-71.79619851432746
C,A,148.59482674174006,-58.438504253646975
C,H,15.894884165350746,69.39739552926235
C,S,152.62951804481628,-89.23042910198713
C,R,127.70259948474354,-125.16421356999608
C,I,121.78572294035052,-123.34439874121837
C,W,-161.60674768893603,-103.80489860717289
C,H,131.7273910385779,-62.84584492209556
C,W,41.77369417079729,54.282931770171075
C,V,138.7723322803839,-85.93140770449502
C,H,122.00171236252,-120.56281525708988
C,I,125.9124700708722,-114.03592902062765
C,C,157.05195996159384,-76.71866733771982
C,G,-24.78864611220735,-59.880130594095526
C,G,-12.894923277950959,-81.28596431984188
C,A,148.6621071588395,-69.2831200683681
C,E,131.62531301737602,-125.53032307788443
C,I,130.69377360165834,-134.8334651084823
C,G,-159.65561934982063,-80.71739846066016
C,E,147.28141701370458,-93.15905289839455
C,G,20.50813388434293,71.60035693674197
C,C,163.7094698843227,-85.30108024056568
C,S,130.55116883752495,-135.61214821710746
C,L,114.89236528098635,-123.62519024921568
C,G,179.9176489988721,-76.76430770488496
C,Q,129.34961038954194,-47.516975148016634
C,N,18.81018284362241,64.53223516184296
C,V,148.46304996036466,-58.86233370573238
C,F,140.0179915451235,-124.05574215870405
C,V,124.20352591140905,-131.12335438426905
C,G,-173.8261520868163,-75.61900017346852
C,N,-42.39924614222522,-81.49500402155473
C,R,67.92554507871063,-92.34523974996107
C,V,133.52984908144256,-142.83098061655116
C,R,129.30251520202452,-123.40845443992501
C,I,130.6155989850277,-123.3740735909869
C,G,-151.9822464548311,-75.7522957197583
C,N,146.93056960998172,-95.85243867723305
C,R,37.80677278890661,56.246549978984724
C,V,124.03432552725388,-89.82430100581898
C,K,115.96888998934483,-110.3047590092255
C,I,116.5099851243481,-116.20446716611846
C,Q,178.54473420705705,-81.4246347524679
C,N,148.36756284370108,-55.5112727127004
C,N,30.15295423368482,67.37353532818697
C,V,129.38025276445498,-104.21673015511372
C,S,109.71252739286034,-103.40557826647638
C,V,93.46896971166781,-92.51467834376166
C,Y,164.66968832107418,-78.48993759807482
C,D,136.56616702439413,-45.10979097025199
C,N,10.944492461881595,82.5936540794446
C,V,133.24028825088985,-100.08507395928126
C,F,120.62325901690232,-131.3632734043627
C,L,117.06291953753023,-116.45643864578373
C,E,173.19265847757396,-73.71053154696068
C,D,144.18441045064407,-50.81388448810888
C,D,17.975452931350336,66.6800037421135
C,V,146.89005267924009,-73.51098548530138
C,F,123.0440192693171,-120.43717151008941
C,C,111.54078751075139,-110.456113402878
C,G,168.18171327663492,-67.70907769113387
C,P,128.21181047927956,-55.11503543377415
C,S,23.868786946927976,60.127062701490146
C,M,163.47388765233958,-69.46647702805346
C,V,122.65066839434184,-135.17432745150347
C,F,162.31175670990254,-98.67104148878815
C,T,165.37616009484245,-134.44216083209827
C,N,-8.180601845988145,-138.61186795704924
C,V,130.91400608274355,-116.77170956701357
C,Y,-39.34959485919251,-74.41445599686097
C,N,62.197956328081666,-133.0370537516724
C,P,146.1431939810663,-68.64625416226434
C,R,124.92346048278279,-140.88169950798647
C,A,-36.529980283174446,-55.333213318956076
C,A,-5.6691869804513395,-78.79944479134426
C,I,96.99865886867917,-125.71883243377141
C,E,130.45852082238085,-61.58817931070167
C,R,28.88551053725822,-123.80411618700957
C,K,-22.143260767277553,-64.18952743000132
C,S,3.2533390380557536,-90.45162483070459
C,E,17.576675256851733,-119.18226476482077
C,Y,143.39136131348803,-57.97225755424182
C,R,145.51587044219772,-113.62052718413737
C,D,147.04858389083537,-77.41199937151539
C,T,112.06086312409903,-121.85546700610506
C,I,125.67080814840372,-111.45964645207155
C,V,116.18524129721997,-116.80619588730568
C,R,170.67776399323984,-85.60420976668685
C,Q,132.1751829351355,-49.13161736687046
C,G,-5.287254784921143,79.41548825207619
C,A,148.95227724879064,-63.124253572698734
C,T,127.88863681460398,-117.66497127038376
C,L,109.2108702462887,-110.85688556533024
C,G,162.40341041496634,-64.56036522968814
C,A,129.39827566244227,-45.20608427723187
C,N,20.116624270349647,60.54470116883462
C,C,170.27718581503458,-76.46943121346389
C,T,138.91350077714705,-138.1905792162063
C,V,114.48007938748269,-116.43107728298911
C,V,123.04736823755589,-71.66615659014151
C,C,144.09070407744284,-49.57721459246101
C,G,-24.077094540979573,104.85188134020086
C,A,147.10248758250094,-77.16835670455413
C,T,136.40335642369368,-108.14885587691305
C,I,117.7042506676915,-107.99640575446674
C,G,168.85203611467423,-70.99278269808224
C,R,130.10000744459754,-58.189580411169985
C,Y,17.191708872727556,61.147184936160926
C,A,164.09682872469014,-58.60718205783958
C,F,112.08828222379421,-139.17714398239156
C,V,114.09171154148524,-99.18170833174422
C,G,156.31351397241355,-57.892465239091074
C,A,134.45120284680385,-49.950340726276316
C,G,3.9271752422926562,70.02772080868111
C,A,160.9253620743112,-68.60249717859861
C,V,107.61876599592783,-120.87160420124766
C,V,121.2121828805431,-87.73037117739091
C,N,21.158920499230756,-131.36571873786528
C,K,166.05105646561344,-151.61043412755237
C,D,145.73991286926193,-57.470393362777074
C,V,118.62365995770497,-114.0153347603394
C,P,158.6476773897952,-64.893861738995
C,D,133.3287839692808,-50.31866974648434
C,F,-2.0107614624026877,75.31732857014522
C,A,138.1202265099748,-73.67096472427536
C,L,115.210445710102,-99.01867202648218
C,V,138.64253372744867,-121.3714322306293
C,V,156.90141596628803,-141.93962340804623
C,G,171.29212274328702,108.04671283259722
C,V,100.44741498103154,-123.51338896249128
C,P,168.52433459064244,-79.44426008053193
C,A,136.1375257079185,-74.67803372383477
C,R,147.4483000247636,-124.87610948622735
C,Q,129.6256034446629,-77.77176374346841
C,I,-7.0646777811955594,-118.40556679464643
C,G,-166.91894528619744,-177.91315030818822
C,W,137.94245568369985,-130.64057234498262
C,M,129.69333193302472,-112.50421052562871
C,S,166.09317448766885,-66.07757482744276
C,R,-42.992050175679346,-52.5866996976777
C,H,-30.661939829854038,-57.790998989386196
C,G,37.45181141838111,100.76616964157591
C,E,151.90403210950183,-134.34938791450244
C,Q,142.80417356919574,-62.20453448870806
C,L,147.3964303459358,-95.63648624897905
C,D,75.31883504582248,-80.87223697055148
C,L,138.04712247390933,-134.0752361852391
C,P,165.01860287651775,-72.03938016806175
C,L,-36.181914708327604,-69.04955598154692
C,R,166.3281071590257,-124.60558982367381
C,G,-155.64785557572657,90.58958258003287
C,N,141.71791980664415,-113.99062934371455
C,A,170.55450770455823,-171.54091416124265
C,E,152.71627763518495,-137.3196216584668
C,A,162.34461868116472,-150.0378828249623
C,T,132.81633048354337,-128.00379736981978
C,C,126.14808107398328,-67.8256206949288
C,P,-14.650309008331808,-77.40045880482374
C,H,-34.64146146163391,-79.42459393456848
C,T,-18.38058487454728,-121.14822818006822
C,G,8.698845649671423,70.94253889018194
C,E,135.44071287006565,-58.032588606204975
C,R,141.37396861260362,-99.79561633418082
C,Y,144.2420097765156,-120.21616653146052
C,I,130.72301260794578,-123.96689839564367
C,L,128.88890044080554,-103.05403494249865
C,T,109.45833447933704,-129.09086585410117
C,D,52.65596575143674,43.054580248778116
C,G,13.73548150226432,74.93880812297843
C,V,125.34210994353941,-117.19889946367529
C,C,134.5345114223296,-99.00703408177007
C,R,157.46922654394984,-136.2753474460174
C,L,139.53151706174563,-72.97067201885629
D,H,163.68178301207865,-152.51847959592573
D,M,135.2245293841534,-65.6705900293755
D,A,142.833539854239,-62.78379072969868
D,T,-92.83659121388224,-119.71940772571239
D,I,121.20269984592697,-124.08671281271097
D,H,143.7742973375108,-64.2637875214744
D,P,-22.511249817265234,-57.8920608485255
D,T,-12.494586948483894,-82.04381369141016
D,A,150.32122876621202,-66.69863918511795
D,I,110.23312015107264,-118.4368635366589
D,V,103.95556512446022,-113.1237029339477
D,D,147.01820841292533,-65.77741921203047
D,E,130.9231013612008,-53.37853852316014
D,G,-22.337105306611246,108.99403364763825
D,A,143.80609113006082,-63.90057814065732
D,R,119.58244615520243,-108.68840521724273
D,I,125.20760021462388,-123.91664620965437
D,G,159.40175668430072,-68.49127366966788
D,A,150.3491713300366,-59.891648201236215
D,H,17.873516181635093,67.76979311179039
D,S,159.41951923362066,-85.97080356515053
D,R,124.53877494491967,-124.37828731484154
D,I,119.16375150224715,-120.2472493928274
D,W,-163.6797228045067,-98.66973010046665
D,H,132.2596277780904,-61.68233115618667
D,W,41.18827061829687,50.609978061465455
D,V,142.4612875639578,-79.34044720060525
D,H,123.56234691096863,-123.74236485299751
D,I,127.47966189252686,-118.72493570889148
D,C,165.39535612723765,-80.65083299539636
D,G,-22.4379156415397,-69.83423297604338
D,G,-11.446312771092703,-85.26249711014424
D,A,150.03264338604677,-67.20494290984685
D,E,130.20861841072448,-124.78020046490941
D,I,130.37811822292883,-128.32564481519628
D,G,-167.72461429767517,-76.20476964626816
D,E,144.2813285180081,-77.76816827214002
D,G,27.57027716217392,67.12256091928658
D,C,163.95887079678,-86.36304813602004
D,S,125.67019786064506,-132.35060003111212
D,L,117.26821736644288,-121.5410294748789
D,G,-176.67524305344764,-76.30781308689433
D,Q,135.11193284829713,-53.49084717232876
D,N,15.689700774902926,63.64577365056759
D,V,149.68733912572813,-61.31871659081138
D,F,138.87642873880657,-127.54971466511357
D,V,124.44603854543999,-131.75876271221424
D,G,-177.2995047865129,-74.47562236313328
D,N,-42.92376409023855,-77.28046621555457
D,R,65.5659632490895,-92.03892646349614
D,V,133.75678809355628,-141.5396865451256
D,R,131.68423331875837,-124.10917204692211
D,I,126.04905057082469,-120.2106178115618
D,G,-151.2065058628965,-75.3002231875603
D,N,144.4377032386293,-96.1553012586519
D,R,32.812497396311564,63.41134626515753
D,V,132.05428281001693,-87.65803693376037
D,K,116.73521122920485,-111.0342560115207
D,I,118.10673582934322,-117.86868953566712
D,Q,177.33883036129788,-78.85903741277261
D,N,146.9148933505071,-54.495407269371356
D,N,32.3808869445778,69.11637053565585
D,V,126.07286198153376,-103.13661826847321
D,S,107.66492006601436,-102.72123953545866
D,V,89.56140322324389,-88.92598742379329
D,Y,163.92093325916687,-75.01701843419637
D,D,136.76271873497276,-44.98559050994184
D,N,10.589885736396775,83.72682787887086
D,V,132.97140220361166,-99.95832293997584
D,F,121.08468655904163,-132.36677664381574
D,L,121.7362579488707,-116.89953328491808
D,E,174.84299896683004,-76.92159943851314
D,D,144.83598413704834,-53.08984511297511
D,D,15.291617607540651,67.5525359129969
D,V,144.69071784722016,-72.44199094215857
D,F,120.37548564462338,-116.33170724676076
D,C,112.41284135229115,-107.5720598039157
D,G,169.5017343370267,-73.51761136877064
D,P,129.76048871569984,-56.47497404191907
D,S,21.392534504804992,60.86089019823803
D,M,157.2770725510364,-67.62703328592275
D,V,119.82849875906199,-130.0444425420736
D,F,159.78263654936606,-94.48650822319367
D,T,166.4467680393803,-132.18964488416142
D,N,-9.709357846425085,-137.02961193459757
D,V,131.05819877133615,-118.83826322011602
D,Y,-39.575690638222675,-73.27797099715319
D,N,62.143497480504564,-133.81774950218016
D,P,144.73600696037832,-67.78652234189087
D,R,128.40340021350897,-138.16790741712626
D,A,-29.66413088295833,-61.5497702036492
D,A,-15.507654988178738,-74.52530400516304
D,I,102.48065567511955,-119.94810145395479
D,E,124.92804075924094,-65.51029252816949
D,R,25.21142953446862,-119.05223639897184
D,K,-23.848685328166827,-57.234140707579535
D,S,-3.676510589211394,-85.2111497999321
D,E,17.02253681487305,-116.02155152429397
D,Y,141.00771774514988,-55.92482108821353
D,R,145.65423131501598,-107.05563460759447
D,D,149.0740052790279,-81.28884532198302
D,T,109.15105085061676,-121.91744368000337
D,I,125.56880411038343,-108.0296198251567
D,V,116.42947681108862,-117.59923714872073
D,R,166.51538417267108,-84.35312484716154
D,Q,131.39682209976635,-48.83760598148663
D,G,-2.157748329468337,79.25352887911319
D,A,147.81685959867946,-60.595301802023826
D,T,122.9426928829778,-114.69557161451543
D,L,106.8939673452103,-108.02691681362248
D,G,159.94071880823535,-64.78023627109127
D,A,127.35498398174458,-44.80775376064294
D,N,16.38948982800563,66.48247613319649
D,C,168.54595885580423,-75.04429546987751
D,T,137.7043822473468,-136.7961880977933
D,V,113.97705767196003,-118.00243456251732
D,V,128.63621667434649,-68.87338277619583
D,C,148.32070524895406,-57.298880211997336
D,G,-20.560832932662233,100.40947723851909
D,A,147.34615907900084,-74.42423429817255
D,T,139.02560402643073,-107.2985865997957
D,I,120.94078738276743,-112.62046554104543
D,G,172.4132059846207,-75.32992936157319
D,R,128.35959071645937,-55.28461919315195
D,Y,19.69377403557577,59.919761918199846
D,A,159.49295764216455,-59.49492052821067
D,F,113.68904719486973,-136.98491274680612
D,V,115.62596810976154,-97.69758454220262
D,G,155.91127765963054,-60.255191760799555
D,A,132.37004483269672,-49.16407007212591
D,G,-0.9175046397315852,76.93197093042913
D,A,157.49922855558583,-67.78149268043573
D,V,106.31487520504923,-117.44391542396976
D,V,122.7072753208814,-85.00925010852337
D,N,21.099665273217457,-133.33058193196618
D,K,165.732711767378,-152.75037873858057
D,D,144.60418529130084,-56.892355617905245
D,V,117.42569776189781,-113.38614874445537
D,P,159.3094902596857,-64.57149067030056
D,D,135.86432311621033,-50.24158653407139
D,F,1.2450092313191472,68.31542408029505
D,A,138.87118239756848,-74.5503780547027
D,L,120.4119546351608,-100.10370347228317
D,V,141.79959885072526,-126.34688151313108
D,V,159.14428966972838,-142.73400778299077
D,G,173.41769665227554,103.90016857661742
D,V,101.51456092586538,-124.50506033915575
D,P,167.0759162942417,-78.73565632567023
D,A,137.04475162891413,-70.8958558018177
D,R,150.66706055839896,-127.53641428202887
D,Q,127.35786859976028,-79.00254810031916
D,I,-7.801803892195973,-115.075340947805
D,G,-158.5985601583076,178.62434047004987
D,W,143.36834989287019,-137.0017585789236
D,M,131.75921184534013,-115.9013198265917
D,S,164.55096255706823,-67.51225315453357
D,R,-41.843108856579825,-49.53597970464455
D,H,-24.933287617341215,-66.21479840512481
D,G,28.417744990759125,107.90269419489871
D,E,151.01942939139704,-126.89705070242607
D,Q,141.96691361084126,-66.07088130577358
D,L,140.04954102869073,-93.4300593290997
D,D,71.43763155011816,-81.43172851921273
D,L,140.74831563528204,-130.10721780382343
D,P,164.40966556833152,-69.07304795766599
D,L,-30.610413973141334,-70.79600033732989
D,R,159.2461508625044,-129.28430809251023
D,G,-149.8523483081755,85.82693186475673
D,N,136.69668397446154,-120.10571052198601
D,A,174.64873248393127,-170.47377829170273
D,E,154.63837814239912,-138.8807569504038
D,A,160.71190269422274,-158.12716533464763
D,T,148.6383364310727,-113.28528597822873
D,C,127.70893893694901,-56.96993054758146
D,P,-19.30282739148243,-66.95988460284264
D,H,-53.2298943828378,-91.47765060300326
D,T,-13.543850365124923,-98.5235660566445
D,G,-5.580418182739415,77.54013059730475
D,E,144.47675870286906,-66.99458729946889
D,R,142.75721853364456,-90.67262956883047
D,Y,147.33594309188936,-121.33430197474762
D,I,128.4810863991143,-116.74493568451047
D,L,124.43394416584849,-103.53130441062153
D,T,119.28986359494617,-130.18991767643516
D,D,45.684211991384345,48.20640600571449
D,G,13.20927665509419,74.60597015979823
D,V,124.68455448940159,-115.56288006367484
D,C,132.49759688836596,-99.58342309337286
D,R,157.88302245608077,-137.13532815037732
D,L,130.17312834527456,-75.37502231306
E,H,128.7934312876057,-63.60920916652073
E,M,154.08578893738755,-74.61001878062962
E,A,141.4495541291188,-49.17378389781783
E,T,133.72722513594417,-97.59889029910772
E,I,118.16714003290751,-125.34674978991954
E,H,142.8303600711061,-56.64116865081993
E,P,-22.476354580060008,-62.20673477441537
E,T,-6.574913700129537,-82.82136733887863
E,A,158.1079368222605,-81.61330302704738
E,I,110.44446210880183,-127.48291493958074
E,V,109.8869280313571,-110.11387532635585
E,D,149.4874193131631,-72.66319713036268
E,E,132.69213146767137,-53.07208446213436
E,G,-24.654692406613805,108.13702292414428
E,A,143.51995584595227,-68.54547166871978
E,R,122.77584574826463,-110.55466922817118
E,I,121.5533882991143,-128.73030295946998
E,G,164.5508717688974,-73.37333559930308
E,A,145.1849739143775,-53.2622049895576
E,H,2.807340964728538,77.77469206138973
E,S,156.39257657451117,-79.17918271443989
E,R,124.78519383227544,-130.16476321938404
E,I,121.44591306164594,-116.92569210846658
E,W,-161.5512034980687,-99.78369272794733
E,H,133.8298489963755,-64.5639206731249
E,W,39.42083351067981,53.60014099948044
E,V,140.22495614737187,-83.34768120250797
E,H,121.14437081031406,-120.70176838943998
E,I,127.30221736624178,-116.22809816522783
E,C,162.80357249143054,-79.09460493020964
E,G,-16.779104408908136,-71.63132986121744
E,G,-10.611273716306599,-86.69720687533983
E,A,144.73196985161232,-64.8460287993624
E,E,122.27673106909326,-122.2816133524066
E,I,136.24777992490758,-125.4641286574257
E,G,-157.87637775639155,-83.7530751472379
E,E,145.46814257865012,-86.55231734950523
E,G,21.5101138869001,69.1687832881197
E,C,161.48633151010418,-82.67122325169375
E,S,128.73312297805955,-132.47327282437135
E,L,115.22277214302397,-121.48951623591155
E,G,-174.60170599403924,-79.4835325208859
E,Q,132.57987137590337,-51.95337737484631
E,N,16.872842489038085,66.34849864888622
E,V,151.78498485342976,-65.14001491751684
E,F,138.88715422237422,-126.24370609016187
E,V,128.0907894209308,-130.97151198532933
E,G,-174.75465378759557,-80.43199364627363
E,N,-47.29832886547786,-74.94787309474444
E,R,65.28166313907522,-90.84244949105218
E,V,131.50410814117737,-135.68952533828175
E,R,128.45154599966884,-122.787069859042
E,I,129.8635977802559,-124.70024380129281
E,G,-153.65066729378336,-75.41023307863178
E,N,144.02972272145342,-91.56563085132035
E,R,35.35578354724534,62.648844233117984
E,V,126.34771547148596,-87.78049168377042
E,K,117.37079040936469,-108.91487313996045
E,I,116.45317166975782,-117.16771180499624
E,Q,176.43476055844022,-78.39972703864862
E,N,147.89015901178573,-53.788110203357654
E,N,26.316268809259434,69.30504076266588
E,V,125.15666044902508,-100.58326057252602
E,S,109.07334316460806,-101.6374249484228
E,V,95.21255610307628,-94.96151988853644
E,Y,164.58422136674412,-79.24101902889687
E,D,134.97805302424197,-45.18185350311323
E,N,10.770415697900845,84.17610073398433
E,V,132.39937104761367,-95.07599563606688
E,F,120.02298649324379,-126.80867889470335
E,L,120.89198537421937,-114.22428640429628
E,E,-178.82462760770116,-76.19062289527005
E,D,150.80024063725585,-64.22122265133285
E,D,18.901136514132933,69.05646119332233
E,V,143.2673590644887,-79.95510665386128
E,F,121.62507682789338,-116.63673384096731
E,C,111.4965112206051,-109.15051781636174
E,G,170.4872836434673,-74.20578586810075
E,P,130.89722826594294,-55.777641431373844
E,S,21.359293502146173,62.081210152583644
E,M,161.6139488212064,-72.54777365949168
E,V,122.79662346500147,-132.7513227476326
E,F,162.0129617796349,-98.62603812215873
E,T,165.1713076835619,-134.7007515038343
E,N,-11.798991218693825,-137.14433976283507
E,V,126.4965658844602,-115.65601548486164
E,Y,-40.908059584586944,-65.74257355331281
E,N,63.42462681352187,-134.48283724765562
E,P,145.1600678245843,-67.64791671873238
E,R,125.72164237681262,-140.98316140350607
E,A,-30.393267235181153,-59.9170935821523
E,A,-16.037395885162503,-74.56325493318609
E,I,103.10513235586266,-121.08976621975448
E,E,121.93625336687889,-61.52924947324689
E,R,24.85114098171001,-118.43207002821389
E,K,-25.20936741743724,-58.885705767871514
E,S,-1.3946504698404016,-85.67087480590678
E,E,17.621397168013136,-117.63855405755196
E,Y,141.22690346193315,-57.34857098274674
E,R,145.05742506085213,-107.95253556074094
E,D,144.99028681730454,-75.36178243738284
E,T,116.95672641887171,-121.01833347048274
E,I,123.09226350128661,-111.60099962047697
E,V,114.16415899165634,-114.98264550816427
E,R,165.16507299681035,-80.7500779413993
E,Q,132.04849485892984,-48.89459330252587
E,G,-6.385230594711915,79.11075455047323
E,A,148.66421932434727,-59.78773621737997
E,T,126.78892031967025,-119.47578215260432
E,L,108.323979805209,-109.34362340107722
E,G,159.29401450269287,-63.84281474112881
E,A,130.33216996560276,-48.15222674652772
E,N,15.980047539990645,65.05119020727614
E,C,168.306965803477,-73.69757474076938
E,T,139.63073115220104,-137.53058800992488
E,V,117.60736116600957,-119.86614644437735
E,V,128.38758967443124,-70.31791429858072
E,C,146.57924679380358,-56.54584166773303
E,G,-22.931240169065255,107.75024348206836
E,A,148.86079577320012,-77.57311617001199
E,T,130.1595408938517,-107.22345504701109
E,I,119.2238761430364,-103.27503992433225
E,G,167.61695808510274,-73.81739487856366
E,R,127.97736337998332,-54.57569357400051
E,Y,18.979603124122765,60.59819286971573
E,A,166.1642053236597,-61.34873929003402
E,F,111.93213960758398,-141.2388534323998
E,V,114.06981022693252,-95.48528976309154
E,G,158.79993955799847,-64.57702505665326
E,A,134.16120397392987,-51.77847800334747
E,G,-0.567352435889145,78.28408140238263
E,A,158.11795339245845,-70.36219725517785
E,V,107.51429530820836,-119.26129285383688
E,V,124.2294500098865,-88.31177186630728
E,N,22.43204931940902,-132.08090867700534
E,K,160.98691721941952,-154.34217765772345
E,D,144.78300058595406,-54.639399099214465
E,V,118.68107231473398,-110.40310367543695
E,P,156.58355744494696,-59.82541699594833
E,D,135.05797474095488,-47.915002402737464
E,F,-0.603675561251514,68.6066390221809
E,A,135.24104099713844,-70.72620691525564
E,L,117.85736437403868,-96.1703227696006
E,V,141.22593452351717,-124.15311900230392
E,V,156.9692998322932,-142.23535194263485
E,G,171.61917766302514,107.26625656676998
E,V,102.86828513845093,-120.02051047220422
E,P,167.55680013138016,-76.94527240404945
E,A,139.47638478370334,-73.7556119456563
E,R,146.02275750852485,-129.78885400039633
E,Q,130.36346169790676,-79.39705987542955
E,I,-8.63364029348983,-116.7152360504491
E,G,-166.34773736726777,-177.75430551923463
E,W,139.17652365128762,-130.96265697313592
E,M,132.23685885406593,-114.3868316616676
E,S,164.46115119021442,-65.99081164817831
E,R,-43.96830425450274,-48.079455098229815
E,H,-30.33364398156785,-60.853519738987075
E,G,38.4728060655808,99.75014685413402
E,E,147.98963124155915,-131.39727666906356
E,Q,143.6537152814416,-62.12614501123249
E,L,151.6563969842014,-95.97441799345309
E,D,77.87920662362157,-84.45637679314176
E,L,142.33475657367882,-136.50958515769764
E,P,166.42657140243728,-71.76448328182043
E,L,-38.425432118939156,-67.09258335170927
E,R,166.31978683841302,-128.69827177420424
E,G,-150.5438640209911,91.38928028599946
E,N,136.41044359697634,-127.4770877676608
E,A,176.06211228990193,-168.66011118077697
E,E,150.66171600521693,-140.55452549683696
E,A,162.41529569331365,-151.50959612944288
E,T,133.07432102144165,-126.80979394519152
E,C,125.73684846289265,-67.79795071690039
E,P,-15.883054205295778,-72.62490536294449
E,H,-32.690523423911166,-84.02686145456208
E,T,-16.074049281959724,-122.03188497413964
E,G,6.530230927585965,69.99003570726742
E,E,134.35740267871256,-55.06658598539992
E,R,134.62652491299133,-99.9112572492335
E,Y,139.40947532278847,-114.16810287637891
E,I,129.42333034758755,-122.47062843060742
E,L,121.08011021716015,-100.4536905958615
E,T,115.95926288454467,-127.94182531920639
E,D,42.91073756227734,52.36129008133037
E,G,14.65533497292507,73.38320799531009
E,V,126.26310173516387,-118.25675936512938
E,C,133.8607279699592,-97.09300815790371
E,R,155.26563305659602,-137.42913257502832
E,L,129.92097602443204,-70.65096147484257
F,A,157.4413170371611,-69.75053319963877
F,T,121.03324422802916,-92.38679787081428
F,I,114.56765612507732,-123.89223481132368
F,H,136.93608916552623,-53.8287672918356
F,P,-25.27701128038397,-56.28669022172766
F,T,-13.33970297556758,-79.26584628643913
F,A,157.234708083553,-73.40761079926696
F,I,108.17282269866014,-125.89205555122683
F,V,110.1255112080691,-111.16011573241119
F,D,149.05006499536637,-71.75024521257848
F,E,134.92242008462094,-54.819604192636206
F,G,-26.19618384172367,108.89466943544336
F,A,141.2456434447384,-64.84459127097104
F,R,126.28862761977878,-110.35219076608902
F,I,128.23657029321242,-132.73157764091067
F,G,162.33013322403093,-74.13917914781901
F,A,139.3095638192709,-43.94302449702473
F,H,6.503117772161034,74.656528787601
F,S,150.7807676804379,-76.92990969662864
F,R,124.62218912435395,-126.41447125066071
F,I,123.05864387713724,-116.202444378674
F,W,-163.22986966652797,-102.85510824007643
F,H,132.00485921261713,-61.892674783441144
F,W,41.12397481150116,55.20181567296259
F,V,138.27229618722893,-87.7769043580686
F,H,121.4920349887221,-119.54977855144776
F,I,127.55130526946174,-115.20610596310318
F,C,164.42042985699993,-81.24513568392928
F,G,-19.539392214164913,-71.19951070981402
F,G,-12.140345417288206,-86.24642436648983
F,A,148.39369450107895,-67.08441094520344
F,E,121.78238553426476,-123.77427578122496
F,I,137.83737439876458,-128.3046521276307
F,G,-157.02259045261732,-83.59478201315018
F,E,147.5855164727518,-91.06625090068567
F,G,20.2641555914491,69.18876401149464
F,C,162.44409676865078,-81.68077731013786
F,S,130.31983011549704,-135.5736700826031
F,L,112.39075303591434,-124.75423458177035
F,G,-178.7112956704962,-77.88358584146003
F,Q,134.640004184587,-49.82374717044218
F,N,15.799663306376754,64.44950162067691
F,V,148.3391406351246,-59.383808721894226
F,F,136.931499061092,-123.43082253727245
F,V,125.08051486462064,-130.25091272467316
F,G,-174.8878105746236,-76.21991134736587
F,N,-45.61260520074787,-78.25652285388593
F,R,62.84353052145894,-89.21277902622221
F,V,136.80605392446927,-140.03307494612957
F,R,129.2509611898598,-127.10365156704796
F,I,130.36841669064725,-125.6864613797856
F,G,-154.59286528335295,-76.43083948831774
F,N,144.92162466287036,-93.40579086326704
F,R,40.31024647006724,60.218280003915304
F,V,124.0474463168839,-92.0187590146947
F,K,113.38191735652725,-108.95978958563666
F,I,114.23695009295481,-112.77917989191772
F,Q,177.0610471516832,-78.73517120316889
F,N,148.69444872464572,-54.37799678225249
F,N,27.901554086148128,70.05009833454771
F,V,129.67803646746503,-103.71508191460143
F,S,110.66632953975385,-105.78482734931089
F,V,93.6995731572402,-93.82387789777309
F,Y,166.00127932680908,-82.53836602947484
F,D,139.68727224625596,-46.848564554878216
F,N,8.264408729297225,83.25255872475503
F,V,132.43434149057606,-99.71862360888747
F,F,124.29354319439723,-128.55179687699058
F,L,116.23141527752736,-119.01726650815428
F,E,179.54981813828033,-73.24164914832286
F,D,150.23437293440108,-59.126375637111984
F,D,21.467444465293042,62.22377691049341
F,V,148.6296464735985,-79.57014958083509
F,F,120.9607103162284,-121.66620259894258
F,C,112.01260376533894,-109.6730093919948
F,G,170.7387506581413,-72.6325279371521
F,P,128.1378520770524,-56.10277398306551
F,S,21.126508827122983,62.344492203237934
F,M,162.10113436906155,-70.69024069397138
F,V,122.73939531263748,-132.33623732048162
F,F,160.84656149011857,-102.58804188063199
F,T,167.7893362352221,-132.73086431511118
F,N,-11.797865419889494,-138.8994760804175
F,V,130.71825960196813,-114.82210015633484
F,Y,-40.335906838811134,-73.78546956539115
F,N,62.075302770201624,-133.9067390346601
F,P,143.5805214325255,-67.14269349535913
F,R,128.6896930976633,-138.65483451150197
F,A,-35.34567071820801,-56.92037066996575
F,A,-0.29775604211123324,-83.99520524501216
F,I,96.46694758488795,-124.93997952598257
F,E,131.2450902126844,-64.39376559579642
F,R,29.977640416231907,-124.28063279322978
F,K,-25.330649128490446,-62.032182866261586
F,S,-4.4507281052656875,-84.35650779483232
F,E,21.207076782053388,-113.56954806461447
F,Y,142.33650675072008,-60.62531740989042
F,R,145.3165412898488,-109.38395403147967
F,D,142.7843924613773,-73.44787092264082
F,T,113.70202602281178,-121.22479079229403
F,I,123.63338231737909,-110.0829359702477
F,V,115.695089306921,-115.309208316015
F,R,171.1531938721812,-86.26190213908728
F,Q,131.85264740376147,-54.822295008630384
F,G,-7.837566502204996,84.23156692610912
F,A,153.34151289201466,-66.64707790546491
F,T,128.12682024953804,-119.44426841722084
F,L,107.65169421820332,-111.23334569088452
F,G,161.50186973137386,-65.82244817030961
F,A,125.71829335240373,-39.84887916974541
F,N,20.25712739025015,62.33918271347041
F,C,168.0497349802527,-76.18675472821747
F,T,135.88066904173786,-135.12578185343716
F,V,113.52274968360591,-113.22936161650294
F,V,126.7061257056047,-69.82256079018174
F,C,146.97051151089502,-56.0907548270449
F,G,-26.3987634544133,106.97901914997693
F,A,143.6833942515174,-72.1963629314115
F,T,131.15444606794503,-105.28830875341215
F,I,120.9270531090609,-105.18587942092562
F,G,166.9667614427071,-71.65280754345616
F,R,129.12456210293553,-55.45145278464675
F,Y,16.512887441210697,62.28806355029285
F,A,172.19747373989537,-64.28019475210506
F,F,111.51246791813445,-144.52939865725475
F,V,112.41043277012268,-97.4445325212367
F,G,155.43618511621102,-53.982050959647324
F,A,135.60222618914744,-51.644935177682854
F,G,3.0185218057121883,70.29624401274769
F,A,160.72326869235837,-68.17675935302438
F,V,107.72960581128572,-123.33939786147546
F,V,122.0478782074313,-88.62341628257424
F,N,21.742714018896258,-129.74304500430878
F,K,163.7152968209419,-154.65065548272537
F,D,147.30322562519643,-55.417199700136656
F,V,117.08623591585251,-114.45490105576506
F,P,155.41515776260317,-60.19936105160871
F,D,134.01678998371875,-48.23512066528792
F,F,1.8120455415888217,70.5690554545063
F,A,140.5007017465464,-76.2358164629877
F,L,114.40156864850759,-100.58225076141693
F,V,139.97060631809148,-119.54054761896104
F,V,158.00662612775366,-140.934639592239
F,G,169.44528170586432,110.19302703546747
F,V,102.07718337303547,-119.39732771487296
F,P,166.69405761294598,-76.9381358787534
F,A,137.65778381007988,-71.37718253334432
F,R,150.9452166048231,-129.45565816379047
F,Q,129.96718929050786,-80.40604782379184
F,I,-9.251817288208104,-117.4083708037333
F,G,-167.63881138074356,-174.06400419346372
F,W,138.6544043408383,-130.16098612858391
F,M,129.68796760690026,-113.24270396683168
F,S,165.93115196498135,-66.56805580104135
F,R,-42.962282645183656,-50.24999093893277
F,H,-33.867713969450946,-53.307450713391894
F,G,35.86843266652753,100.77113874245222
F,E,151.155608719609,-135.58248917379035
F,Q,142.75583950940683,-65.30187975108858
F,L,145.82402163736214,-84.61451284285431
F,D,74.29375170536751,-84.67556588924789
F,L,127.01139016555831,-142.5566566949334
F,P,158.76894389599602,-65.885439933769
F,L,-36.202761995377465,-64.97654549328114
F,R,159.32218321960121,-118.79089402421745
F,G,-150.47144870490092,87.93969125530404
F,N,133.39383656963494,-119.86642013774343
F,A,175.56610420306157,-166.99046863325975
F,E,153.07066313149886,-137.5045452533661
F,A,163.72033668957354,-152.69342208602754
F,T,138.28671067270074,-126.43694986924821
F,C,128.31189643881072,-74.63627619144864
F,P,-19.463788279798784,-73.83258679894857
F,H,-32.868874336556196,-80.54774761920598
F,T,-16.915167042727155,-120.8858037571069
F,G,8.414751002036441,71.8166231374263
F,E,133.7332150580291,-56.497409526590786
F,R,139.25788087063185,-97.92431028286292
F,Y,142.5853355148379,-119.97970762665564
F,I,130.79099410755543,-123.72166350924283
F,L,129.43321117385187,-103.68964094393861
F,T,110.28685841840061,-128.6384249611613
F,D,54.30103523951924,38.58681877105615
F,G,9.904325145967922,81.54603232503399
F,V,124.87117322544367,-117.3838966931414
F,C,135.47720702851404,-98.93444611859088
F,R,157.86069422450407,-138.38866625572072
F,L,137.27876871795473,-70.38340860809029
