Chain,AA,PSI,PHI
A,R,-132.0822082865879,56.27217641228339
A,L,18.407577581106903,-96.87050512386045
A,G,167.2180649633893,73.06680400996171
A,P,-23.287577097408416,-76.35262794132343
A,K,146.7781534004311,-80.97938119910899
A,K,125.12791676515572,-48.01634276859876
A,P,149.73409111817998,-64.54108730953244
A,P,160.650615719543,-63.919547117662
A,A,145.07803564277543,-62.528704877966035
A,R,155.58236550688744,-63.71070929211401
A,K,-46.54795202568751,-65.8649804646602
A,G,54.05214408659331,69.53712843058818
A,S,138.82859355976098,-66.97717567303295
A,M,15.755941519838537,-109.36739759797234
A,A,-31.25370031278044,-61.75334954304953
A,D,4.872121800366515,-94.99105757157028
A,V,123.4539210326552,-80.03778472101965
A,P,150.0043488229859,-58.044288744239644
A,A,-40.443790833798154,-50.168390540506074
A,N,-37.28938087286702,-70.58826279487917
A,L,-36.69182926806446,-75.51984702018333
A,M,-37.92130611271693,-63.62835208853419
A,E,-42.126576300402405,-55.16498769363742
A,Q,-37.38231886139971,-68.13956630875037
A,I,-50.66407594365097,-60.43524670918303
A,H,-35.68085273568948,-63.75370322161936
A,G,-47.66952923048371,-60.14399963816651
A,L,-42.87160074540731,-58.65782961878109
A,E,-43.4324281110495,-60.04849122407465
A,T,-42.65834002681911,-64.49329386567256
A,L,-35.849625291535574,-65.12553116845928
A,F,-5.148243489069947,-105.34795106518298
A,T,134.52545004412931,-79.38818817712142
A,V,109.1526383197666,-104.80190180415532
A,S,157.7118802049114,-62.61772503449834
A,S,-34.85382977038913,-63.65822070679054
A,E,-45.02029693592629,-60.18881327852014
A,K,-39.08098063140837,-65.69194298289145
A,M,-44.32653335335526,-57.215468345097044
A,R,-43.59555716343041,-61.50893481159514
A,S,-47.2046414058009,-59.438576336377444
A,I,-47.20024359291875,-58.13704622681119
A,V,-40.86087428514689,-55.40473893857912
A,K,-44.70504404104153,-59.9548385727333
A,H,-37.88400537195332,-68.10888178968989
A,F,-43.990648732486534,-60.648618680639615
A,I,-42.29716206803107,-61.259258737354315
A,S,-38.01145736716825,-59.71376937765183
A,E,-36.07198159131927,-74.94862168690955
A,L,-45.533753503556014,-58.44425024237331
A,D,-47.112670130697005,-62.98544089800036
A,K,-42.15866048131463,-55.29922142366069
A,G,-28.61460868996247,-63.498318762839006
A,L,-12.199370941286126,-88.21521928539802
A,S,159.47249541968026,-70.13757664658226
A,K,-37.74820487308683,-58.6201996884066
A,K,-22.734948037828545,-72.87049446124308
A,G,179.01925639663835,74.54037215424461
A,G,-173.07020358910432,-160.69672936805705
A,N,-27.383816402814013,-59.394741751092454
A,I,120.04507449349934,-88.84617615371486
A,P,-41.7058216964679,-56.509420118535274
A,M,63.48172999493578,52.62774661173437
A,I,122.71919745623002,-86.54298308359168
A,P,132.6635403997716,-63.51487880106741
A,G,-8.601301603275237,-94.82607737344803
A,W,24.11486010998673,64.79482012362072
A,V,117.34834148288878,-103.27568398578687
A,V,23.304277887859445,-120.19501962677815
A,E,156.11599980175635,-153.1100964056201
A,Y,138.38840210332566,-90.3057915049253
A,P,138.74480060285126,-65.09724645797357
A,T,-14.931279664067398,-91.51021099585631
A,G,-6.715658377296482,84.84214466767929
A,K,0.9238343976190024,-95.3748531659221
A,E,141.17866357233865,-66.06772197008682
A,T,158.7021845527999,-133.12128364696565
A,G,-177.2921610801863,123.68305729216448
A,D,127.07853605581873,-107.14138957190815
A,F,149.89346060225623,-140.59403991772083
A,L,152.8068007875371,-108.04771210630916
A,A,149.72346476014684,-129.1315650281906
A,L,132.38218886013044,-125.09622771760229
A,D,114.57909833669325,-119.25806589606177
A,L,110.30348085299893,-98.81701236647258
A,G,-170.8855383421993,-101.99166303951647
A,G,-16.165997312078996,-83.30513001918922
A,T,-19.509596443977074,-118.03249940248473
A,N,161.95085926547736,-153.9278672760689
A,L,147.77543091329028,-122.60433793838493
A,R,133.53508221174482,-111.13078926105476
A,V,129.37266833248069,-113.78249503180096
A,V,128.86142336881835,-132.2456615990321
A,L,121.52687358489062,-99.75959983507049
A,V,118.99231657731971,-115.12895824039639
A,K,119.3115458476573,-98.43292135314897
A,L,129.2972417378458,-92.94555118393222
A,G,-8.62959219801314,-89.87730778697073
A,G,3.3163923350620217,81.56791671285745
A,N,54.895568961848916,-139.5192448959946
A,H,31.40726215795826,56.56427682832856
A,D,156.24032808202642,-135.83288882816063
A,F,165.74309739223256,-157.16799913299826
A,D,140.70142358952754,-132.29582736364222
A,T,151.77870676930758,-123.66806857026766
A,T,121.24027240437565,-137.51608235828292
A,Q,148.11217005248065,-140.8166577577826
A,N,157.20331964650538,-124.38347968752512
A,K,127.621798196733,-127.51917005478099
A,Y,117.55175778517813,-114.72491278474617
A,R,133.18125516191864,-70.19067101349063
A,L,134.48862010076536,-74.16054149375152
A,P,147.27982182657712,-49.165476082278694
A,D,-41.913544852393684,-47.22746500202788
A,H,-9.623168199038945,-81.7270778495671
A,L,-45.980348429293,-61.19775407672565
A,R,-24.251023044847937,-57.83594781426508
A,T,10.095464440837418,-121.74083165028307
A,G,-153.4301743065464,-92.29771709009667
A,T,161.99531211948388,-92.52875539782863
A,S,-45.45754792169686,-56.34258479820671
A,E,-40.20776798281092,-59.09597102528486
A,Q,-45.89766644204645,-63.47414478283816
A,L,-55.55838984142203,-56.54686070086566
A,W,-32.09309186783421,-71.51036984686915
A,S,-39.383245322442775,-69.3179067992026
A,F,-52.43678825303351,-58.59403570391258
A,I,-42.77153649958437,-57.880672043104006
A,A,-39.3141608153743,-64.77474973603593
A,K,-40.33881632637892,-61.97323440523881
A,C,-43.05670024739276,-65.93405719519416
A,L,-36.04079313289696,-66.13102592462818
A,K,-45.674450760453105,-61.69991893170806
A,E,-35.497723968064406,-67.08301871272195
A,F,-50.49048685464857,-69.69427092427892
A,V,-43.9681046323585,-63.0323405617471
A,D,-32.04032778210319,-58.535173019948736
A,E,-47.16571534437188,-76.29535637860074
A,W,-14.580423617571855,-87.84748543988665
A,Y,65.58843249355273,-131.95002639771255
A,P,-19.060577631276697,-65.82657862155841
A,D,14.765273392786922,-104.55142416856121
A,G,-167.08564222120467,78.25954355598728
A,V,161.09610574484,-133.58785901904804
A,S,-19.856469389712856,-89.51435147347016
A,E,151.59970824540028,-139.57784212698672
A,P,147.5313468813639,-59.687861671078544
A,L,121.17380005220639,-76.64008112577058
A,P,138.7205685489534,-70.88993349386455
A,L,134.69700657563607,-120.49080734625238
A,G,129.064155152631,-98.86537399100305
A,F,113.8318786354378,-111.32913135723605
A,T,115.15285450395179,-86.42309233228423
A,F,85.58955860031978,-132.6907285895315
A,S,66.67212435203886,-92.92795930293525
A,Y,156.6999619671625,-130.57410287555177
A,P,123.3741893027749,-63.012788630358905
A,A,149.49388555052508,-158.5891547091508
A,S,149.33280905858734,-118.25195522315371
A,Q,134.4673816333164,-139.05108828208492
A,K,-0.7809813857759692,-99.06596358568706
A,K,159.00627824980702,-159.0469704765207
A,I,-31.24412110251873,-66.1453934973775
A,N,51.577160568542986,-92.54952452847948
A,S,155.63244414561336,-163.20701631077173
A,G,115.44798271889408,-160.03651432883055
A,V,110.12896687338632,-95.60794357071612
A,L,134.09275327834962,-61.17281804743966
A,Q,-42.057780857994935,-94.87596940276107
A,R,127.01795327983766,-164.45986611340965
A,W,149.402385929897,-66.6063727056009
A,T,-176.98099790786637,-134.74679914050904
A,K,25.624095907418358,64.58879896134076
A,G,-1.9319245336865993,86.6244432098374
A,F,146.9813009469163,-68.9703020816094
A,D,79.96669926083845,-157.74746906925745
A,I,119.23308558201023,-117.28445176916222
A,E,148.97572085761323,-66.35780775855136
A,G,20.587066336469462,78.73062640099386
A,V,-40.19660068719248,-119.5622584658924
A,E,133.52044666735515,-60.35640866992377
A,G,6.421335867300037,80.96639624600395
A,H,153.48890818021096,-123.52844693896171
A,D,113.76856654523652,-80.52513545409461
A,V,-16.32484903050425,-73.98645831581346
A,V,-50.409704399811964,-64.59349186912327
A,P,-26.335991571844392,-65.35904829869068
A,M,-44.48479165415782,-66.27523662507237
A,L,-45.11291793264211,-69.89677483399932
A,Q,-38.96484223519791,-56.322687722490365
A,E,-40.20619681549283,-62.42109911878205
A,Q,-32.86908412911807,-69.86077556828482
A,I,-43.294152894495575,-67.70130722418425
A,E,-33.20260707383314,-72.05714386957578
A,K,-33.41195639614635,-62.06796803140125
A,L,4.5506346157403135,-92.13342275062658
A,N,40.62294372645588,53.77502484942632
A,I,132.5721435658304,-88.39835078617695
A,P,73.79106533490821,-83.17917781040579
A,I,140.4695686354922,-138.77214196685048
A,N,122.91574289552553,-117.832107561518
A,V,110.41015126186097,-80.12081798091225
A,V,-11.858349556702152,-110.25194706908387
A,A,143.25985391081005,-152.75733260884272
A,L,131.9050648131518,-125.57801053242689
A,I,158.36461057068615,-139.83234872278067
A,N,144.05192960229277,-82.71441661907468
A,D,-32.71333750636308,-56.43252804998998
A,T,-37.283953856495465,-68.5977407679119
A,T,-40.881648747247155,-58.435591310995626
A,G,-43.414928341996784,-62.16898135739686
A,T,-41.083545171975985,-60.31561254997882
A,L,-53.238284296303156,-62.80890909953398
A,V,-40.856426716710764,-71.08813793381567
A,A,-36.16503215042233,-63.19955525354811
A,S,-34.61072229508633,-76.83807023554328
A,L,-34.360602132907005,-65.96411436135261
A,Y,-38.79176847451825,-58.105107052047885
A,T,-26.979692518119524,-93.21129058581553
A,D,98.34022111663157,-131.8157271956597
A,P,-13.423108320650883,-61.011671692389456
A,Q,-3.8680889467324118,-84.18839383686374
A,T,126.58152288986267,-69.60772180508836
A,K,-8.587625922790311,-114.15141839222973
A,M,150.82409884831216,-159.89592560101812
A,G,136.25979109707083,-111.54458129553275
A,I,133.48190051882418,-140.20820339653497
A,I,127.54600724376436,-108.50712447229826
A,I,94.97418382568387,-126.79318851359488
A,G,-135.84840814790653,-145.3739787432894
A,T,-44.5843167105498,-63.48126118829624
A,G,170.9792526974225,-107.10002381824303
A,V,151.7762660568573,-132.0586379236805
A,N,162.92787812553806,-166.95877291917654
A,G,149.69695993185584,-146.3885368282855
A,A,147.7681214705108,-137.58570599449743
A,Y,171.56911978166846,-159.85107752514966
A,Y,126.46099048193476,-98.88474587371788
A,D,-163.34603664032096,-102.98376856758622
A,V,142.57578979963824,-130.39288176580303
A,V,-36.13571430462826,-55.261807391594175
A,S,-15.987849814842797,-62.38421745391436
A,G,7.0245395468059515,-94.08952057327595
A,I,82.1129297047553,-122.07607616364515
A,E,-34.381452633031884,-56.295721718286956
A,K,-9.967838974061486,-67.93010825990238
A,L,-4.936839687439566,-98.99164942088872
A,E,129.4219979253825,-56.266448552986276
A,G,-14.454653345625816,91.84856079644851
A,L,-8.78694231179079,-104.49327721351739
A,L,144.5227749519763,-101.54529497635188
A,P,158.73919424293933,-70.42971840637294
A,E,-27.02741360532573,-55.902634995731994
A,D,2.61538544704438,-85.89657289550088
A,I,78.04669027783179,-115.19151869706549
A,G,170.11077645883887,-76.34231083346681
A,P,-28.981292219591573,-53.66144772043002
A,D,-2.1758445964783384,-93.71183550864808
A,S,138.9846923329921,-62.055633246070045
A,P,153.91931981490558,-63.181148323188246
A,M,117.14281905663232,-147.4481843088573
A,A,138.6470706788427,-62.78298125412282
A,I,127.08063875351624,-119.87023293168556
A,N,107.10679453675608,-95.32660071597022
A,C,-40.30243058223129,-68.47772979486741
A,E,48.68805349758666,50.22381187734989
A,Y,8.21445237858379,-76.76029668820108
A,G,-24.017243963164947,-52.99780142785846
A,S,2.886822813497997,-92.39600346705178
A,F,132.47258655025587,-52.41788373281807
A,D,40.798270180993946,59.030870193367974
A,N,-20.298631931439733,-57.67046899762703
A,E,-15.972999420147543,-70.46666163135241
A,H,45.19613874872632,62.85781102816366
A,L,-20.41624230729463,-111.06260571093064
A,V,-50.70918025278764,-122.76974542888819
A,L,142.1031317079399,-57.540834962592264
A,P,67.3126537854867,-82.86529972111822
A,R,151.69663013257775,-66.40022659899542
A,T,173.30451997544887,-107.7750072859373
A,K,-31.33024977837687,-60.263197932712636
A,Y,-40.33655533890558,-65.9614169700379
A,D,-36.44299825362,-65.46121020065306
A,V,-45.98657157845621,-60.16575841561144
A,I,-47.06275566501101,-61.08988871568682
A,I,-46.92791305764174,-56.10184182627282
A,D,-47.05167933509015,-62.86946371048688
A,E,-30.909946265168525,-62.406284804186484
A,E,-3.610004599096198,-95.22635204103746
A,S,163.6707509674337,-78.01474257202142
A,P,-32.63294902490533,-56.978598877202394
A,R,81.18851325509297,-131.08455970517065
A,P,141.6961443338362,-57.1977400771323
A,G,2.181101253268555,77.3295864694737
A,Q,162.10155957834777,-109.92526624776552
A,Q,41.34755537022536,47.83952104907134
A,A,-47.83720663781031,-53.509909660989265
A,F,-39.4171802068191,-68.72285272750929
A,E,-45.15460012513458,-55.92858210065068
A,K,-24.37245075703406,-61.75250829643896
A,M,-5.453268843919165,-99.38682725308544
A,T,-17.967191286137187,-130.19213091325335
A,S,148.46082356611788,-70.65558805234544
A,G,-18.137300618528297,-71.10306792368442
A,Y,-30.15490092269617,-58.46317299501824
A,Y,-4.5768575767724125,-101.72224272469396
A,L,-43.237733785893774,-63.614249980301295
A,G,-40.80252624827651,-61.86541776697935
A,E,-35.962107338518564,-68.24064812780453
A,I,-50.472604847598696,-59.064068232418414
A,M,-36.91303915196248,-58.79643765694797
A,R,-45.912908256780376,-61.74692002889943
A,L,-41.313694223781624,-66.93830345059176
A,V,-50.24016909624117,-58.89686827972853
A,L,-39.98083334093382,-59.2788175712999
A,L,-37.631465871146744,-67.47350592924377
A,D,-40.41918416599945,-61.5775027882031
A,L,-34.07801577879462,-72.89972242920014
A,Y,-46.401376752175025,-63.522521778968766
A,D,-34.081601390685336,-62.8609595884318
A,S,-6.760548460139162,-74.33702701933628
A,G,8.318919643896526,89.29834463766933
A,F,-34.65040915216896,-87.4847760073547
A,I,157.08826533061804,-138.8487177095414
A,F,37.03569456120553,60.455635666236255
A,K,130.0135125174803,-70.87764998301832
A,D,-3.3503874785818475,86.41412314719668
A,Q,163.36442842958928,-91.64747457198312
A,D,101.26868389393064,-91.26662010159626
A,I,20.80769880329747,-93.98118845008726
A,S,-31.409987359793785,-56.60848860907778
A,K,-36.685272796448814,-64.79748064689649
A,L,-17.60966260164023,-59.6023711062668
A,K,-5.306006307800466,-85.7673444042033
A,E,116.82352841049736,-92.99034605188163
A,A,130.2742929073076,-56.90621825762985
A,Y,12.03489887620134,71.88920612159059
A,V,-34.89302756908146,-60.28509530275258
A,M,101.00190281252148,-101.54136312807121
A,D,-173.32044477915932,-82.91239638574469
A,T,-20.361810199326925,-62.86278044000309
A,S,-22.84328579477877,-66.10093951559533
A,Y,-64.55582059027986,-66.08983151161732
A,P,-28.482099051485992,-59.37570495164341
A,S,-53.43427286322555,-68.60956412181307
A,K,-36.806340895264064,-60.48989900820574
A,I,-46.42325927630233,-67.51561052054636
A,E,-28.969541285930184,-62.22384183548259
A,D,-8.93202254958597,-82.65214225955613
A,D,122.20824731361549,-62.11409031528754
A,P,-1.4469686084027442,-92.53256280215439
A,F,140.78165976710545,-96.38008381252254
A,E,-33.53747826464685,-64.89817148846008
A,N,5.576864922788316,-86.87317740727988
A,L,53.15140808617163,55.59526511598355
A,E,-32.43345542965998,-73.3707651913801
A,D,-42.02501312490996,-60.919381866395256
A,T,-41.515178540975725,-66.55924332437776
A,D,-51.17923487547368,-58.56988919860991
A,D,-39.85759001087667,-64.74796195999494
A,L,-52.749081930037754,-57.58757966041099
A,F,-38.58690177980169,-65.28591100787264
A,K,-49.6038475646673,-72.75703719130772
A,T,-44.600713282489906,-69.44361791164077
A,N,-28.530547662945718,-98.01334310357839
A,L,-7.88908038579576,-115.0297290854818
A,N,32.26734053750864,63.64234774565839
A,I,122.6197066065061,-121.15049213976478
A,E,136.36398375193042,-80.06534802465691
A,T,155.3286380791175,-120.92931621612806
A,T,163.0528803650396,-85.69506412671971
A,V,-36.80520369366311,-62.58067895416756
A,V,-36.871087481327294,-66.24099355884336
A,E,-45.47044529286651,-56.52398925900748
A,R,-33.48572254628907,-65.14516782350323
A,K,-36.10393043084886,-67.72777783270283
A,L,-44.94070749541641,-62.17920747827829
A,I,-45.39441064823462,-59.93805175331984
A,R,-48.06585622078416,-63.34974953382382
A,K,-44.3598548907435,-55.07696487504227
A,L,-43.8020014842218,-62.08407687962482
A,A,-43.93731172785703,-59.24297828055221
A,E,-43.22407134200009,-62.830945336973784
A,L,-42.04529433689485,-60.13866597026192
A,V,-41.60647745300079,-69.93295495018327
A,G,-37.615902540421445,-70.85692564825524
A,T,-39.82032424900632,-70.96757618427375
A,R,-43.185252148676355,-63.521967890230066
A,A,-47.676158153387895,-58.40323184803988
A,A,-42.36160786457179,-61.215947278883895
A,R,-36.19216830756208,-70.75070163344058
A,L,-34.82804761937964,-69.60056467897853
A,T,-39.46251801312236,-64.06081977926986
A,V,-26.48327073017513,-62.26019452497152
A,C,-35.46200093186773,-61.48095123928295
A,G,-46.98872919021792,-68.90332636667087
A,V,-51.7056802228083,-54.63181059517472
A,S,-32.00479182903303,-63.71763887285555
A,A,-43.592866262942856,-65.89202589285286
A,I,-48.68154269316751,-64.93129215991462
A,C,-47.54943523457716,-60.63987643953538
A,D,-35.377846051644624,-68.71279163617538
A,K,-43.0956957311153,-55.151539099969526
A,R,-0.7796566604863647,-100.50827776300355
A,G,22.538166722222027,76.15764936695697
A,Y,112.49880774474751,-77.85325579264584
A,K,-9.178966899147007,-97.35284247235568
A,T,148.4633385183707,-136.40663996901068
A,A,145.06905108062185,-168.2224415312631
A,H,134.04723416673517,-95.48689611307607
A,I,108.15724005525637,-109.38691502334164
A,A,111.33160256760853,-83.34941580444207
A,A,149.71414057513988,-117.25640882267966
A,D,178.24668241028914,-152.3093555188462
A,G,151.15865475216972,106.98450986312834
A,S,-26.006602408110574,-61.15707517880249
A,V,-53.80467189106797,-74.36032852586678
A,F,-42.842015358379264,-57.60047269318553
A,N,-30.447762847318387,-76.2131760772724
A,R,-18.49689989098329,-130.32373757680213
A,Y,129.5936638298494,-70.01904065294767
A,P,127.2339224790611,-55.26488390283845
A,G,9.321358750778462,70.55621227008717
A,Y,-37.707117594226354,-63.40008528008997
A,K,-37.01523176534127,-65.46657011006641
A,E,-36.71450334587153,-74.48294416210173
A,K,-43.50153341720384,-57.44401935588481
A,A,-36.59420247648261,-76.37353318992155
A,A,-40.29996620916507,-65.11064339570795
A,Q,-37.461441568862114,-65.09268867631096
A,A,-42.6706946580037,-65.89946224454035
A,L,-45.4271369591839,-62.65245696754177
A,K,-40.03248128894049,-58.05920982869301
A,D,-41.22458197805686,-64.78772922948866
A,I,-36.80600042827377,-72.16457391979097
A,Y,-7.17356875925199,-91.76620253710968
A,N,45.6134387677827,52.87554781306149
A,W,142.56387815430693,-72.75936092039501
A,D,94.54142615096906,-102.18096505217574
A,V,139.5023225043105,-153.58834226628505
A,E,-43.40591122214085,-98.90009316903678
A,K,139.3769661066762,-98.76545945019294
A,M,-33.99443025074994,-59.57667922111654
A,E,-16.900417299366428,-69.87811967460686
A,D,-3.997081295820455,-88.47081944546287
A,H,133.01168608335584,-66.19601461214117
A,P,-28.561946895537222,-72.18858383999586
A,I,124.63525345997756,-121.7245891361229
A,Q,143.20792371885605,-140.98789085592531
A,L,136.04597971188457,-80.01604788950276
A,V,158.20893032325432,-133.20384193431525
A,A,133.60848167126053,-64.97849820318356
A,A,153.08322641043213,-70.7812114484108
A,E,169.76539013808025,-77.30942487476743
A,D,107.71798023565444,-68.79189100953522
A,G,-40.738657093150664,-73.39540932779194
A,S,-20.014488071590662,-77.41411113073517
A,G,-82.72054256061323,-103.74696334583584
A,V,-47.16440433618819,-50.771270121104216
A,G,-48.315465883595444,-57.74096287596619
A,A,-35.30343998242172,-59.7979281451034
A,A,-37.898861316815754,-74.49155232146038
A,I,-38.337899184078964,-69.32575501191963
A,I,-35.420383125676864,-65.66753190563482
A,A,-43.408965454651906,-58.55396096969898
A,C,-53.95413832534231,-61.10514281066822
A,L,-41.8312980634775,-57.288240838358945
A,T,-43.784160535617595,-68.4720175405396
A,Q,-43.0025855042946,-55.247817351097105
A,K,-44.84200625869187,-60.87518516315736
A,R,-50.447456545682755,-61.21903396791373
A,L,-43.490604143549106,-56.41514404741299
A,A,-35.04086077150979,-62.5494983017722
A,A,-14.615641218285004,-82.80439652084426
A,G,12.964417489689135,89.14781302448509
A,K,141.25954763164648,-83.1522324965888
A,S,155.41248432699152,-72.271821667077
A,V,35.09686374661374,-136.84035156655054
A,G,-174.81979443063858,-178.03692126205792
A,I,153.31369306583017,-69.49615436773242
A,K,126.51935244339914,-51.80543252777363
A,G,-18.778874302365896,93.66691146574037
B,R,-128.64964442717536,56.157889142853215
B,L,14.067443737761172,-92.32549737907527
B,G,172.29148044099446,74.41156016443306
B,P,-18.570488327834305,-80.00131127094129
B,K,155.5352078872708,-87.61855896653758
B,K,127.12964572241317,-63.379213412323516
B,P,150.3388619241624,-65.20236742416432
B,P,158.2427305151871,-61.0936218843817
B,A,142.7681816437002,-64.58215192267345
B,R,150.49343944706658,-57.96026779100534
B,K,-44.09320119922562,-61.97973500329773
B,G,45.77912397882758,67.03840188993993
B,S,134.47067237044072,-55.306770695804744
B,M,18.46306607427429,-104.77901259679038
B,A,-25.882544102791396,-67.372978736224
B,D,1.4445936806762574,-97.82944050110696
B,V,126.52537874767654,-77.43368251098741
B,P,149.95740638547016,-64.3277968452576
B,A,-37.504511218811544,-54.806765655101145
B,N,-34.10327964659476,-64.96799812545878
B,L,-36.59772901520562,-77.50662979667338
B,M,-43.19407237449785,-57.737865794761575
B,E,-43.73225721010413,-55.81163290589567
B,Q,-39.528607806124704,-64.96451868230415
B,I,-43.885601748685595,-61.96325510129952
B,H,-31.241890172606677,-64.7086080798235
B,G,-44.5902220603681,-64.7928383258011
B,L,-37.55296018779875,-62.303383489786675
B,E,-41.120647550318196,-63.11192571121822
B,T,-30.419266849753356,-68.75687839271822
B,L,-38.285736057097225,-73.77695948235703
B,F,-12.529812141723067,-106.16166600094577
B,T,135.43560320133926,-74.71876473314728
B,V,115.49652563976123,-108.44882912580391
B,S,160.72612687440127,-68.07190176113374
B,S,-41.42285903040961,-59.14341411667257
B,E,-40.622137514013104,-68.34169577918945
B,K,-42.10275282501009,-54.29921085945016
B,M,-47.07402274833676,-61.30142161724985
B,R,-45.82938767235963,-53.488552133604564
B,S,-43.819757385120965,-60.4076319326506
B,I,-42.905850641768744,-66.35585677679055
B,V,-42.62874434372511,-60.47456249881732
B,K,-47.093791045797396,-57.573315114916475
B,H,-42.768528547394354,-63.738761222760445
B,F,-42.53917250462355,-58.53583284769205
B,I,-42.94964779141551,-62.90943218249207
B,S,-40.168473924593805,-56.955658317164016
B,E,-30.34734221778114,-77.18178368495259
B,L,-50.62895199156255,-58.40072947896933
B,D,-48.511524503151215,-58.52667806899832
B,K,-40.33904989100456,-60.89370024739358
B,G,-23.70415466289981,-64.88992153193664
B,L,-8.057825481326049,-89.08572099328816
B,S,164.68694235332885,-79.30161176311272
B,K,-38.70059218506683,-58.89827372419968
B,K,-28.99897228435045,-72.19648341390527
B,G,179.40503400488,75.96214909961246
B,G,-174.3762641309971,-159.75055528467533
B,N,-29.252873636389833,-58.60730076774561
B,I,122.8280445104793,-88.04181424627546
B,P,-39.86699394430926,-59.44767081989896
B,M,62.21224209881015,50.0713427550748
B,I,125.24705969086433,-84.87493971403688
B,P,134.52777403985752,-66.16328573433793
B,G,-3.169700290291357,-97.7586973323478
B,W,28.76899920729775,65.06955534501043
B,V,109.8691858031513,-111.62315736293472
B,V,21.73976434850482,-115.06447401871498
B,E,159.4695209844973,-144.81474732778784
B,Y,139.97905396588445,-93.30363361474474
B,P,142.77638530846036,-65.10896877850695
B,T,-21.3757944897734,-93.40950786859415
B,G,-2.2838825812847636,87.76981935188131
B,K,-1.87215593593148,-102.85827128345707
B,E,143.547390667026,-62.96147149272155
B,T,162.26017531622398,-130.17876413745236
B,G,178.95465214603988,126.09931787686627
B,D,126.36139445265216,-109.03627263020503
B,F,148.9459364288358,-135.4748295063437
B,L,152.24735892683296,-107.8166670590127
B,A,141.79781310866028,-126.71285607777234
B,L,121.79401468061349,-117.49979061231866
B,D,106.74220674753123,-115.78889060897922
B,L,113.68546236321916,-100.86657575546508
B,G,-172.20028806698232,-103.39996250612812
B,G,-21.738896706375726,-79.97611784412398
B,T,-27.721241097608768,-117.81484968920486
B,N,160.57554570753408,-142.4225838063427
B,L,154.17063362198502,-127.71001717852253
B,R,141.82777992742464,-121.97811426960017
B,V,124.85472092681186,-117.73615538926235
B,V,132.04665462798727,-125.53124626637738
B,L,121.45094111138621,-102.76619808098474
B,V,125.74643991948994,-113.29302975940747
B,K,117.01920433876877,-106.79637480270593
B,L,130.01572229721683,-86.35039717170392
B,G,-12.01726533405932,-93.6302111340802
B,G,15.239410384589387,79.11410882957256
B,N,52.75000976212774,-138.8609847837244
B,H,23.90650826827786,61.38681576409498
B,D,161.39646718165687,-126.36457607866006
B,F,157.79606046160248,-161.32059068048054
B,D,140.5785651197789,-121.4966058593241
B,T,152.57647719588627,-125.76059803699198
B,T,122.1508305972743,-138.05371759786615
B,Q,148.75424434188147,-146.75870397524352
B,N,163.30642572438524,-125.08530722549784
B,K,138.05332102223153,-135.92117779259783
B,Y,128.8789475913741,-125.61562982461602
B,R,132.7897116226634,-80.24980548089974
B,L,134.90084815151357,-77.98730844353442
B,P,147.436208575859,-60.432820396726676
B,D,-19.929902959395896,-66.4839837363532
B,H,-10.338063159084193,-84.02430943952633
B,L,-42.69951359945298,-63.67279880396596
B,R,-23.647642946852006,-50.552350278373
B,T,13.391051967631128,-131.30631038755786
B,G,-161.09970538907942,-83.57909933753521
B,T,156.69400931969946,-85.15435231973878
B,S,-52.854259921778024,-52.438156085721126
B,E,-38.66253423940415,-59.26561511933569
B,Q,-32.19567146318547,-69.65044410145684
B,L,-48.97703211246803,-65.79868530914908
B,W,-31.851134285779533,-69.13081330789502
B,S,-44.95533375913988,-60.94601521080156
B,F,-46.59212245906137,-63.13618870445801
B,I,-46.76234312872631,-62.74054547135892
B,A,-36.749054653315056,-60.09000780180662
B,K,-42.20191038391698,-61.23571462720067
B,C,-45.175540517249196,-64.92145711913618
B,L,-41.3498813962285,-62.86447591409989
B,K,-49.2052520288487,-57.91883898401504
B,E,-40.35070881438606,-60.561899906633144
B,F,-49.47964993065418,-68.0063832528317
B,V,-40.464657027795056,-60.75228197737482
B,D,-31.975837172783695,-60.665395217894144
B,E,-43.26547497319154,-83.83997196530578
B,W,-18.91001940134186,-83.90197884093773
B,Y,64.65828527394177,-133.76283721847074
B,P,-28.666737983811263,-56.75197909375366
B,D,16.227372880421612,-99.14698179488572
B,G,-171.02774311241683,78.8892008674302
B,V,154.87507940079155,-131.3607129754329
B,S,-34.32910849189362,-73.48339512893688
B,E,155.99140899873595,-135.2345579723898
B,P,147.463969980322,-61.239974619259705
B,L,123.21447373219928,-79.9817838505083
B,P,140.78800177816802,-71.76025263059266
B,L,139.69884767435482,-121.43499396131085
B,G,129.8171268850384,-107.83458967911314
B,F,111.92135039320725,-111.51038305439609
B,T,114.73275945145285,-82.19079867574521
B,F,83.79031532733995,-128.28183175415407
B,S,61.382999770702675,-89.75371705214432
B,Y,151.41825562926417,-121.22491130071299
B,P,117.4396056974695,-51.290842581406544
B,A,153.20510362583073,-153.33453787108076
B,S,156.8932202415371,-123.77389226959787
B,Q,138.04915336523607,-147.9819108019821
B,K,-3.1490029019219787,-102.84768921060999
B,K,160.1964993768705,-158.53200109177044
B,I,-30.215958083382915,-70.6700279895815
B,N,56.1955285937871,-92.60726299853938
B,S,153.86903793261664,-164.80847888295202
B,G,106.72965847344123,-160.39995460338994
B,V,110.687189563738,-92.41018451543287
B,L,125.28154762809525,-54.12389501237626
B,Q,-45.408928782261206,-85.18730938881002
B,R,139.95006083720995,-164.19377711309073
B,W,144.74713894005842,-68.74371762111221
B,T,-170.43974862886557,-146.89972495441
B,K,22.866506534208693,56.11330185025164
B,G,-35.54176904293304,115.5970741655358
B,F,147.5409030247816,-63.57307152861658
B,D,71.13316682711864,-149.5994888314223
B,I,130.86219568242115,-111.38734515330299
B,E,150.2787119867767,-76.0330866487483
B,G,12.723764864245904,80.7478478377566
B,V,-41.8965102033935,-117.15720802415534
B,E,127.78302144845966,-57.382417567931796
B,G,-1.7272286309432106,92.02158584152242
B,H,156.51295501243976,-115.60583744565612
B,D,119.32447033495139,-81.68554060150771
B,V,-23.348859304852176,-76.23684937903373
B,V,-49.93018218995553,-60.60774953747339
B,P,-29.783232704252985,-62.78230263686145
B,M,-41.78013090770147,-64.95250131175894
B,L,-47.12087458980436,-70.43548288227933
B,Q,-37.41868719110299,-58.064043322034124
B,E,-42.408711681598014,-60.637686144181416
B,Q,-35.66789674446374,-70.76800163342618
B,I,-52.05767719149646,-58.3097569659828
B,E,-33.615812880525326,-67.77570375563114
B,K,-33.62292201448988,-56.95572156256761
B,L,8.294176406983299,-97.31216455683139
B,N,37.74244736614197,54.406690546214186
B,I,130.19661882647614,-87.17164941412064
B,P,69.22527988143793,-78.62665938653298
B,I,142.55816304509145,-134.1809588320921
B,N,121.51400289834774,-122.24495832038606
B,V,111.01771936880192,-74.56136434231979
B,V,-8.00608974356958,-113.17275734460874
B,A,139.38338941328394,-152.30375319620694
B,L,133.27777675219858,-121.37319261531006
B,I,161.64575829702528,-139.72587338303327
B,N,143.14717657059688,-82.34934977873338
B,D,-35.20590983134594,-57.95287201283133
B,T,-32.19585853672844,-70.53109193443083
B,T,-36.789940349480744,-61.939151318546195
B,G,-36.419975709068325,-66.25143711201603
B,T,-43.86590289294114,-64.42009883792201
B,L,-51.265832816711885,-57.83002932680665
B,V,-41.526730235812245,-71.35507668187144
B,A,-37.98308296331584,-62.99013542300678
B,S,-34.94094899443011,-75.73578271765342
B,L,-31.233110148621936,-69.31837181506722
B,Y,-38.113658087283774,-61.85344378743505
B,T,-26.79592980082947,-87.88795148913283
B,D,98.40815643998106,-135.06593138414158
B,P,-7.471749925242673,-67.7363672954726
B,Q,-1.9599873044514347,-85.96771878423016
B,T,128.82879830451498,-63.89425349915351
B,K,-7.390169217220499,-121.06843480801388
B,M,149.89740175497874,-161.07996696451022
B,G,130.45395458942284,-113.06316720346142
B,I,137.57440527731927,-134.97916363889343
B,I,125.1611518022568,-111.90498068954017
B,I,92.60937134418164,-126.84223515503568
B,G,-143.07728784954605,-150.32895228801937
B,T,-47.84297015027282,-57.01202600831809
B,G,169.37086979484113,-102.26089096651837
B,V,150.54754536033826,-131.9891383716756
B,N,161.82431320354203,-168.63314607199737
B,G,152.87508185539355,-145.4723511981135
B,A,147.49782341793284,-142.4375802603155
B,Y,169.1264937483131,-159.1480248917966
B,Y,122.38260648684616,-95.10246086794312
B,D,-166.05676721080584,-99.8262449910645
B,V,146.45591041733735,-126.99573166369065
B,V,-37.21033640075853,-59.1374998179501
B,S,-17.741207580060287,-57.62812246046686
B,G,8.748371260985472,-93.77039316241145
B,I,81.53902968206359,-120.76451198795262
B,E,-34.57012844793838,-56.51933128869237
B,K,-10.757009509954296,-68.31048869797495
B,L,0.6580778362174523,-98.27845225717792
B,E,133.90601055521333,-61.46849644637851
B,G,-4.176256253494013,83.5203601432983
B,L,-14.594815884246307,-105.70402205207185
B,L,147.0145232646414,-102.76781560971116
B,P,160.28397960617082,-73.9779793995051
B,E,-24.930163880129108,-62.71126868734886
B,D,4.046745257234061,-81.37288551271868
B,I,77.86961198340833,-118.40765302112209
B,G,178.66268536167294,-85.31832651510796
B,P,-25.4456017345945,-58.62581060077383
B,D,7.826541286244491,-97.58719495382253
B,S,139.40843694588855,-65.13567086455926
B,P,156.78623581856726,-65.41732237895333
B,M,117.37151016856964,-148.7473372907232
B,A,135.17321154808107,-64.51144029982467
B,I,131.1665181678364,-115.86351524994264
B,N,104.63775446698843,-96.66338097744254
B,C,-38.46912976163963,-69.26515290941131
B,E,50.04097167823882,49.58685948003833
B,Y,7.726938762876336,-78.02341072195124
B,G,-23.3948545556852,-51.69847922392905
B,S,6.147786806153983,-96.4097105138758
B,F,134.58463285039647,-55.85835287579234
B,D,27.381402363460353,67.55120433404865
B,N,-21.786979737670677,-57.0304901942002
B,E,-10.69853636890639,-67.35665347694952
B,H,58.70487367386944,57.405684892229054
B,L,-47.729647219236334,-105.81036692230204
B,V,-36.26249572227866,-108.30771926293947
B,L,142.86839833931995,-67.83460289703332
B,P,70.32156174818883,-85.03991983513606
B,R,129.609670705349,-69.92851858325892
B,T,174.11950642067367,-99.20375570912866
B,K,-28.960186524199752,-57.65939557136601
B,Y,-40.25531581390257,-73.6782510653957
B,D,-33.63265111454519,-63.87644081470857
B,V,-43.682458368045914,-65.87371125601145
B,I,-51.965102968539846,-60.06239089057482
B,I,-47.83386552226501,-47.55788110765546
B,D,-46.7048482719428,-67.6637748909625
B,E,-34.25971918177148,-58.89435618770383
B,E,-2.913450045522096,-89.09570810041822
B,S,163.80115407311132,-78.84241964396396
B,P,-29.7513639364064,-57.784123609962
B,R,82.54147845022678,-135.78254555939537
B,P,126.83216377297478,-50.493330221681596
B,G,-11.273144674843438,91.66311583611132
B,Q,164.67657487958465,-97.5890346329263
B,Q,40.31310391683557,57.41911300726138
B,A,-44.87498342502309,-60.977520411009685
B,F,-41.372707609312634,-69.87786963585948
B,E,-45.783464945879544,-56.504323132292555
B,K,-32.26669152256651,-59.58424848289736
B,M,-9.87444478729249,-87.54222236939543
B,T,-18.98746835514627,-128.19063419637723
B,S,148.14681431933576,-67.0460824808044
B,G,-18.80667605280705,-69.52742446856743
B,Y,-31.532452239269126,-58.30874019348331
B,Y,-3.310121036335442,-100.64573699993802
B,L,-35.956119881848835,-68.40388139893881
B,G,-37.06447714344911,-69.6574686224857
B,E,-37.40083893411033,-66.038440322344
B,I,-44.60535295853267,-58.53513715607669
B,M,-42.73051244777331,-64.29157905091574
B,R,-48.646402369127365,-54.24006405667458
B,L,-34.7442484543594,-69.35827599879292
B,V,-47.491256250722344,-67.47503884505679
B,L,-41.170497732704,-58.76034164805424
B,L,-40.02811575744387,-60.3226809154812
B,D,-41.06430062150383,-65.66080503547134
B,L,-36.83852892475385,-66.60962934138045
B,Y,-47.213038614403,-65.83912721220372
B,D,-32.950483033554896,-58.60434661598447
B,S,-1.153802729263233,-82.85726432261293
B,G,16.46275898717418,84.78750191722335
B,F,-31.503350998442954,-90.1683296199734
B,I,160.93653984669257,-137.38019181907833
B,F,39.89906744132306,57.1593996910493
B,K,-41.04972398312226,-62.215857378231185
B,D,26.103519520266477,-110.66709684733036
B,Q,157.0328229683842,-96.12418674319085
B,D,108.86703206841997,-90.94719058958486
B,I,19.515276660781115,-100.12252489247032
B,S,-36.71083822064771,-55.400185402118495
B,K,-26.507734385586453,-67.04009349341001
B,L,-17.766606821460712,-70.10456395311452
B,K,-6.014967792784733,-83.66102317137486
B,E,116.47366265281313,-80.63202686315553
B,A,134.8156383979595,-54.348761678889616
B,Y,11.109112021497987,65.60649604294052
B,V,-28.662734287806238,-62.13095116734612
B,M,103.23786201030954,-98.65866134179801
B,D,-170.08872638612394,-86.50063681593716
B,T,-17.85742681179669,-66.34726113784333
B,S,-26.85322629078377,-64.45534526981372
B,Y,-63.026909069426665,-63.820466651998935
B,P,-29.882563251923244,-62.451151070246496
B,S,-50.135264222404,-64.81922711684449
B,K,-39.3168553237712,-66.61513490373729
B,I,-43.969855727236755,-65.65045790166717
B,E,-27.243814346140645,-64.59467698209743
B,D,-8.511554257792117,-85.41617880511834
B,D,119.52885604725294,-59.6293714042649
B,P,-2.1557945383310018,-87.56496551492515
B,F,141.86645984029568,-96.02111992416718
B,E,-32.233639966397064,-67.63005422879272
B,N,1.178905159282719,-88.35959413444691
B,L,52.40120979383617,58.99421035706473
B,E,-31.797810870649027,-71.94148350238821
B,D,-41.66490891218019,-61.685396379329575
B,T,-39.1954958885828,-68.00042964404653
B,D,-52.37427760717364,-57.71370338851049
B,D,-31.762470639740176,-65.75519231892908
B,L,-50.378186639487275,-66.28250465725901
B,F,-46.10965691347385,-66.59919188520496
B,K,-49.830445909533495,-58.85560175575381
B,T,-42.431394336817014,-73.50452882386536
B,N,-30.628295747240248,-98.10397536092516
B,L,-5.475862601625352,-115.5419300897474
B,N,32.531370509081825,60.32076875919578
B,I,121.57593395568503,-115.58236608731127
B,E,142.60916545657875,-86.98362797062718
B,T,151.28867961599883,-128.60449612018598
B,T,161.5958848151592,-84.1029967208743
B,V,-36.21299163314634,-62.13688999668895
B,V,-32.76123061556089,-69.36597741415841
B,E,-42.519399714401565,-58.094488087003
B,R,-28.805496463786955,-67.83334200555264
B,K,-37.61828083092794,-69.59887445620323
B,L,-43.95919411542397,-64.62672063266963
B,I,-41.997909570942475,-56.831343305878384
B,R,-43.319850102169255,-69.32118819288152
B,K,-41.26804680136579,-58.53926135766853
B,L,-44.65686429607866,-66.73803297243805
B,A,-44.164982684986654,-59.13556764479305
B,E,-49.36491890258871,-57.488975499698654
B,L,-44.442959772021645,-57.48184320020398
B,V,-50.56194611656453,-65.23228690059436
B,G,-39.64592129707865,-59.54228280031199
B,T,-37.40756316067752,-72.90586370380957
B,R,-46.58247741217838,-63.430829823755715
B,A,-45.21299160345827,-59.055379612196816
B,A,-42.77823915567423,-62.303014849907186
B,R,-38.608596314250505,-67.30567290503672
B,L,-39.005634452847275,-70.52591741972412
B,T,-42.692721850970194,-59.18956047882042
B,V,-17.66210860218491,-67.10406270271883
B,C,-34.10981098412595,-60.53610218224097
B,G,-44.4164684568679,-70.67809765516988
B,V,-53.38223282855277,-53.25212294745984
B,S,-37.977545436945825,-65.6795825019549
B,A,-44.42220705867892,-61.25464932652614
B,I,-46.98821111658629,-65.04942967303826
B,C,-48.107482141317455,-60.79801339493001
B,D,-37.23105432688718,-66.29640164555245
B,K,-46.86516979266632,-55.22846202758979
B,R,-4.970788337127158,-94.9968130676738
B,G,25.207022501576215,79.46631171671936
B,Y,110.22095394585627,-79.67666301455972
B,K,-27.653594803953506,-84.73988141770019
B,T,155.97645336892427,-129.0011921866311
B,A,142.19544777172257,-172.00748529684364
B,H,134.2903794431572,-95.89676050384895
B,I,110.82739964087918,-109.30497650734777
B,A,117.18309207761996,-86.07918117037744
B,A,148.8016859115992,-117.06450041897023
B,D,-179.65007341764957,-151.76436746822694
B,G,150.25903632203074,107.93418209994778
B,S,-25.932782776172573,-61.29463053519049
B,V,-48.04708834933398,-78.90112136139302
B,F,-43.12236151351004,-59.450923265020194
B,N,-31.764433730419917,-76.72239419296592
B,R,-16.886886221218425,-128.04686379893178
B,Y,132.34082551587173,-73.83957052747998
B,P,126.21082367890635,-61.399389134587565
B,G,9.90691408851632,71.66929560728072
B,Y,-40.31273382022438,-60.862490690339094
B,K,-39.80587355828534,-67.12235775105525
B,E,-43.62744722287863,-61.226711023607876
B,K,-41.48726445644821,-60.60114750363701
B,A,-36.044533100337894,-73.78974112902301
B,A,-41.49441744351236,-68.415415972794
B,Q,-34.723467413427265,-64.02264801751004
B,A,-45.91040515590999,-64.46816221789165
B,L,-43.3424285409596,-61.68611312615952
B,K,-37.770828825812174,-60.51160654064055
B,D,-41.616609537547625,-67.33539999120423
B,I,-48.05109729011981,-61.43664881208994
B,Y,-6.668217381389734,-91.3581590949701
B,N,41.135506079976054,55.63352680231875
B,W,143.9275093419689,-70.04725561209527
B,D,87.7295564283482,-92.78843213734056
B,V,132.47324838413408,-147.68458791896668
B,E,-55.485473103855504,-79.10557965981837
B,K,139.34628570524808,-98.55571558461509
B,M,-25.795574889618226,-59.31870003592434
B,E,-11.39642724458789,-73.52783042822882
B,D,2.650945840298759,-101.78076803318272
B,H,136.59998377642927,-64.60791233469565
B,P,-39.40916694699948,-55.99578315705356
B,I,121.21345080628653,-118.67321180958767
B,Q,142.05221522998784,-147.51767766529224
B,L,138.01896723765327,-81.8386723405762
B,V,157.48668304847337,-135.27449214150204
B,A,132.47538409503758,-65.93496183042689
B,A,158.869969246804,-77.68757707783857
B,E,164.8158218328245,-79.91088170930522
B,D,104.33820875161966,-60.77169988312809
B,G,-41.772973048109556,-75.30821658085087
B,S,-14.466161964621579,-79.83102813638169
B,G,-84.54935407670025,-105.50101206320726
B,V,-48.26190868820596,-48.3564704581166
B,G,-46.34538914313537,-57.57373326740171
B,A,-36.2209549419948,-61.40867503522258
B,A,-38.24624148681502,-70.5843038356001
B,I,-38.28931188152531,-71.79455838966491
B,I,-37.16436129806962,-62.97505944962407
B,A,-44.685718351193906,-57.56492197770134
B,C,-51.90141625454485,-55.87069501234305
B,L,-35.838843051143556,-62.88802207208985
B,T,-45.86480504144873,-73.7709244673707
B,Q,-33.09260159931692,-60.86699513614124
B,K,-41.75013521837716,-61.44805901931737
B,R,-46.56853442133497,-69.20199733883068
B,L,-40.45796710753078,-59.77777343924497
B,A,-34.76040281665023,-64.25131822275053
B,A,-14.634143612602402,-86.48426540282944
B,G,19.361362527953563,85.1342311417815
B,K,141.1090957161838,-83.50914392167547
B,S,149.00890015423215,-72.16759453139333
B,V,36.578074838452416,-135.69158434273103
B,G,-174.86084836887164,-179.3789318578423
B,I,152.2585432313001,-65.74006933821103
B,K,127.59072791329885,-50.81474435454891
B,G,-20.9920974083202,91.73628095708044
