Chain,AA,PSI,PHI
A,D,111.77488951182139,-110.37033329755673
A,S,9.054007590533146,-89.03055226827874
A,R,-27.96580831302795,-65.57848985678156
A,L,64.68938795982396,47.341370162743104
A,P,137.62819594412835,-65.50679727176168
A,A,12.242925027551545,63.90098204026943
A,F,-43.48344623589539,-53.140970753013605
A,R,-28.813441113577984,-54.054376910344764
A,N,-3.8526496381408353,-106.82374430098655
A,L,154.76518847536445,-72.62686834366686
A,S,158.73377021971237,-69.30102929049319
A,P,-40.36072433823728,-50.44107868615201
A,A,-40.97367124851953,-66.07238001014717
A,A,-40.005503278832016,-67.20481487378832
A,R,-45.62951775408904,-60.60010424973456
A,L,-44.486652850219755,-61.55813778720983
A,D,-40.83120626759452,-60.818959233401635
A,H,-48.119571032376626,-62.9560958765894
A,I,-45.09713648107044,-53.24526851001504
A,G,-39.041858164160615,-63.500434885314256
A,Q,-47.32002974236379,-63.47934978119325
A,L,-43.552151981952754,-57.45266461308985
A,L,-13.742634394651898,-89.39079704612894
A,G,40.7501844545334,67.0611877409945
A,L,149.96478609815227,-67.36364940560556
A,S,162.72234307479545,-73.63645032341914
A,H,-43.94292370102131,-55.142305586534086
A,D,-34.14894510393542,-67.67762868461533
A,D,-43.642411334359096,-64.51653230274503
A,V,-35.308048508489264,-62.4974645406527
A,S,-29.3761066186334,-56.44589508491467
A,L,-23.629932352511545,-66.31178780698986
A,L,-28.687718875788008,-103.39176344018479
A,A,-17.5658486678861,-71.14340922214609
A,N,146.72889878688082,-125.15833190724166
A,A,153.69909813934487,-68.58732625998117
A,G,26.19937542704678,93.88954172410352
A,A,-21.58718333514497,-63.26308275622694
A,L,97.67221577621518,-99.5392785413337
A,P,155.66495208974774,-70.48264881669063
A,M,-30.95924708651979,-61.60888416313739
A,D,-28.221241577515094,-69.6634446997994
A,I,-50.19656985465136,-75.28504200502
A,A,-44.54365314888039,-56.572819956164835
A,N,-27.387966174457638,-63.933825487237684
A,G,-9.483183778954674,-86.0901692457231
A,M,-46.97474117480869,-83.44957973120698
A,I,174.9160695492538,-133.0036022265059
A,E,155.402264647815,-96.42834397734605
A,N,35.031422276240804,61.11634811501924
A,V,133.6192950690341,-73.4696358711436
A,I,-4.4738234953712235,-116.63901625732036
A,G,-164.17686583279664,169.07948598802497
A,T,161.8304176797957,-126.1571455557354
A,F,123.82873318079727,-132.11492186225883
A,E,142.89456411586775,-92.14561269869795
A,L,158.57831629292187,-117.97393136352383
A,P,146.05858989198762,-61.57442238328899
A,Y,118.11105932176514,-113.56598350394185
A,A,164.1193598487107,-125.93763429128678
A,V,121.65226503429272,-126.97111590467478
A,A,142.39693903632474,-77.84014135858554
A,S,166.09425676486967,-99.07765695301259
A,N,-10.379731473820582,81.71390607966974
A,F,143.3474249320542,-62.11388289781818
A,Q,129.26213343177028,-144.38754210187244
A,I,118.71620003225844,-125.99302405573921
A,N,42.881449411207974,47.12229558304787
A,G,-5.295815167213627,85.76192708502174
A,R,128.3295695479705,-109.08726017502786
A,D,141.9210536552785,-66.43752596896334
A,V,138.4510780017228,-138.62584072020826
A,L,135.27869266755695,-94.92782583115329
A,V,108.29841715857327,-120.20192613026363
A,P,143.63361950027675,-74.99821554549641
A,L,133.1401132838802,-144.1552273880788
A,V,115.69001354856347,-124.31707155692428
A,V,170.46608228779908,-166.49442374432004
A,E,-15.819290515961564,-102.18640691468127
A,E,129.40493193233036,-98.12752774927546
A,P,161.22037665700765,-66.75973968712499
A,S,-18.807289688427336,75.12615474749396
A,I,-53.66346690578754,-53.751535192779095
A,V,-42.29008058702928,-68.47010645991637
A,A,-44.94823628617952,-60.189100762740004
A,A,-42.72890794959519,-65.85136187901253
A,A,-44.981070902295485,-58.97800375487454
A,S,-41.22388912117866,-66.3824255400483
A,Y,-46.35934380620105,-63.54330199387812
A,M,-31.87315171378288,-68.15114941847543
A,A,-36.72069957705257,-65.27699498192226
A,K,-44.50366382976375,-61.200283231065946
A,L,-42.66415295364291,-64.30516598908842
A,A,-35.36247563831332,-61.68288100725661
A,R,-35.57379930680804,-56.67981445265933
A,A,-24.11772122946741,-59.00088124628278
A,N,24.299015071219383,-119.43705894149365
A,G,-0.49316103438399017,108.25877632186328
A,G,-154.16418764317729,73.1587993831831
A,F,135.69882174691702,-95.56000161993555
A,T,130.30638906800542,-109.40544168271362
A,T,156.53437890771187,-134.5047273135446
A,S,168.98251679291926,-152.25920846642785
A,S,159.27236270949282,-157.15222068521547
A,S,172.71826135154075,-79.09828110247537
A,A,153.4088421227275,-58.17107888169117
A,P,73.11843520351843,-80.41039290768516
A,L,129.32598793079316,-99.0073265942724
A,M,147.8367923746469,-122.69109198668579
A,H,137.35950780147414,-89.45118146439265
A,A,117.51004655979239,-114.83542594666089
A,Q,139.43736774018635,-83.84842345903978
A,V,108.45351109406133,-130.0182225255493
A,Q,132.2844119230635,-90.95373754588614
A,I,125.86935660057598,-127.77358475473804
A,V,174.41211993900222,-125.29205251729186
A,G,8.959654305503822,92.74380172440567
A,I,141.53588937477457,-129.52995869697844
A,Q,-3.0844152769604,-85.47836929602514
A,D,58.358913138574245,-126.77773187715549
A,P,-34.83867590979595,-59.86868965105038
A,L,-41.82815264751499,-68.79953501756228
A,N,-46.96484341781641,-61.126568727849794
A,A,-32.428474927985995,-60.88314114817933
A,R,-50.8565136524086,-57.298654035556304
A,L,-32.922623675498734,-63.2711963695048
A,S,-39.43956874166156,-61.1309067540423
A,L,-50.315620083096434,-63.935097901994055
A,L,-35.364736461028926,-61.649310303122526
A,R,-32.37077867881792,-60.6977173256603
A,R,27.524891946125756,-108.10821492389826
A,K,-38.49618840391428,-62.306982394166056
A,D,-39.52288569617458,-63.95218319536478
A,E,-47.13915501364817,-59.02147048114373
A,I,-45.45468356380141,-61.04895821784126
A,I,-43.732299413601986,-62.758110135361974
A,E,-36.87481485330682,-63.99091962062332
A,L,-41.25892865503246,-67.79910803575709
A,A,-43.892228058340415,-60.42110451636993
A,N,-23.324597721894207,-72.95793868033408
A,R,-26.933210119184036,-66.81592668078098
A,K,-16.108120082308155,-78.1423931999954
A,D,78.58564841681182,-144.81566311828558
A,Q,-35.68795207156419,-66.21809719210725
A,L,-46.06678641881489,-59.56743888655212
A,L,-39.19130594135239,-60.27076917427768
A,N,-38.63255730302826,-64.46009936046681
A,S,-27.24889394638271,-67.92170429646119
A,L,-6.337932550545562,-76.76866323498948
A,G,4.759247794053707,102.46266366553283
A,G,-158.9638132262457,-102.65932233565728
A,G,171.69886399138608,125.4786165607964
A,C,123.98721075893496,-72.32550627748134
A,R,-34.673300681917915,-101.42578710873575
A,D,171.06758887172657,-161.64116950462397
A,I,152.10725293858098,-130.675237525726
A,E,150.68574351169804,-130.53575034115065
A,V,130.91739437349918,-132.7220883538566
A,H,150.61897309663402,-122.00075446659268
A,T,148.41580650473375,-125.20246550594518
A,F,74.03363032362577,-131.32237685100142
A,A,-28.049766687113813,-59.25412070526918
A,D,93.30066918034939,-129.46025838911433
A,T,167.66954547696494,-119.75554597468694
A,P,-12.168426621479512,-66.61333268794527
A,R,17.6499060358261,-112.58995431532544
A,G,-178.79868557832026,96.00028196837448
A,P,142.63930183872114,-71.88416330357431
A,M,152.90811833419977,-135.14930428916318
A,L,141.29585615303776,-130.93052855392762
A,V,114.24129207641916,-129.8668904442776
A,A,140.01604702257532,-86.00738053853213
A,H,123.61021494987337,-112.52454716772316
A,L,135.67005047815212,-78.6955694677632
A,I,111.90598826282556,-105.65652912210832
A,V,127.78337870055194,-125.34194141007546
A,D,116.36973930112953,-79.7246008935603
A,V,14.639069295274098,-107.19860733360211
A,R,-115.17070452682458,49.989738071857076
A,D,10.949417923902265,-98.55067837862754
A,A,157.35198190911186,-95.66445402497011
A,M,-48.74651869768965,-57.680311193525284
A,G,-13.036446015706035,122.81258567691319
A,A,-58.88758842268135,-56.574848887604034
A,N,-35.53752627613005,-68.47077940222455
A,T,-47.22812542841527,-58.02801957697591
A,V,-30.56163160448275,-80.15907645717165
A,N,-40.54361322242666,-60.72363476107949
A,T,-38.972042300331374,-60.133878946034876
A,M,-41.199922347809746,-67.17184123420594
A,A,-41.12000140971658,-60.487796463957224
A,E,-39.582103271984465,-66.87141721763308
A,A,-42.1321162863786,-63.289465315464106
A,V,-13.39963449707234,-82.78799175842693
A,A,-46.999423891620225,-54.72446070300104
A,P,-37.91674235084201,-62.6424217063265
A,L,-43.45004110440785,-65.65605596077827
A,M,-36.60871152112128,-62.88083584067853
A,E,-42.823988080377546,-61.623907292709134
A,A,-42.36955790097682,-64.98551814048379
A,I,-45.97998679420654,-67.31836493339904
A,T,-27.647516173334736,-89.48947706409115
A,G,9.450200274091022,76.98859477784333
A,G,-176.61559974019366,-102.33007192207928
A,Q,122.04360949833652,-109.73721806527126
A,V,129.98637495629012,-77.39548541831712
A,R,-102.60524134669087,-106.4194112899166
A,L,135.5054148156656,-68.53991550241096
A,R,105.74899363636996,-125.80885454432212
A,I,139.73645306691748,-167.879247775778
A,L,160.50142801293504,-55.113321542172045
A,S,132.81894445424746,-99.7301439398972
A,N,-8.328094753100967,-76.8598929857119
A,L,83.15500312421422,-84.70647033040069
A,A,60.06480833561311,-90.55009704339312
A,D,7.234233827278548,-84.1279296383942
A,L,5.482548872639792,-104.50127670997153
A,R,66.54782662766051,-124.10768778652306
A,L,141.13629631873542,-95.13876784391398
A,A,151.56455094787194,-121.65639013257154
A,R,139.46498044364654,-135.9185750430088
A,A,144.13022492888905,-140.14346839222006
A,Q,149.07442024634926,-122.6922139421338
A,V,156.4806159449912,-142.82136145574813
A,R,136.05672165424934,-138.97500778193813
A,I,136.4003930106513,-134.0203205673626
A,T,158.69550952813452,-94.37445929523207
A,P,-37.97085484810806,-60.03082900993644
A,Q,-34.52527210680515,-57.007701937386656
A,Q,-23.768054602121282,-68.03236279653838
A,L,-5.0216214114968185,-104.72132255543158
A,E,137.31614089248052,-58.00317664956444
A,T,173.16269331170778,-119.63969501874278
A,A,-41.572366004430314,-48.40137592892669
A,E,-34.33435110369732,-87.96794805185971
A,F,139.70677024533208,-128.23896963823785
A,S,150.71174546407687,-66.14936955267355
A,G,-36.22898172711448,-59.936647988059626
A,E,-38.55891514915823,-64.43124922222025
A,A,-35.18422939596693,-71.60880198662458
A,V,-45.56917802078763,-62.10485630161354
A,I,-48.70625266589124,-57.66048667112905
A,E,-40.620769197130564,-56.72219320752584
A,G,-45.44462365722431,-60.795790731413206
A,I,-42.94167854920836,-60.140161936377126
A,L,-40.933811321403205,-61.54614857213656
A,D,-43.188136595176914,-59.97267079618923
A,A,-39.16590770673782,-62.22100553749917
A,Y,-48.04016457099292,-64.11702596156067
A,A,-34.422287555253604,-59.80007659317736
A,F,-48.184857871554684,-61.57175257581784
A,A,-37.60326658073472,-60.144825591156206
A,A,-30.047857484752615,-66.56286669541501
A,V,-27.311988286762983,-98.38535664334074
A,D,110.92146130238959,-116.53402137767644
A,P,-29.37530396980051,-58.46365545255229
A,Y,-35.65875957575527,-59.52996477222254
A,R,-40.43065660093821,-85.64458634325271
A,A,-38.05452450793082,-57.265004647298106
A,A,-44.306304280806984,-58.72695771863039
A,T,-43.53024896130628,-72.9879030154436
A,H,-47.25749141561579,-55.88030214845613
A,N,-31.301458219961138,-71.6857424207828
A,K,-39.81434578459587,-59.65850516496302
A,G,-42.29294617700485,-60.77824262730788
A,I,-46.684087913444316,-56.912010448566114
A,M,-24.525287820790133,-72.40862391573498
A,N,-37.713755770049225,-54.48538776932764
A,G,-41.92964904450224,-78.02226185273186
A,I,-52.88635033179211,-76.29233826849116
A,D,-40.0480568145926,-56.15574785853733
A,P,-27.658662206491652,-63.21177450691797
A,L,-37.24510776533547,-73.9604742577819
A,I,-45.209514321167,-60.552764718291
A,V,-45.599356623559686,-63.57838466479266
A,A,-29.53260150722754,-60.42110247632743
A,T,14.38342593142246,-98.61821502295209
A,G,19.21256634220916,66.86494021038462
A,N,165.64212245531596,-92.40562750461342
A,D,104.87466136472443,-83.67938547021585
A,W,-21.54481860930573,-78.20471196994396
A,R,-37.82042094485002,-68.44473432565839
A,A,-44.58688274831278,-63.69458627068607
A,V,-45.262153404770366,-63.206128891524024
A,E,-47.497991378427216,-59.253942026871954
A,A,-47.31579516285122,-62.168364184137346
A,G,-46.226858673926756,-55.235418989852676
A,A,-59.756086766819806,-61.374176042135296
A,H,-36.433184577396446,-71.22777498078322
A,A,-39.06154485843162,-63.72099582154666
A,Y,-33.169854676982354,-65.20609318772253
A,A,-20.50725899509641,-65.70934066120331
A,C,22.488898215078205,-109.94534498729854
A,R,-27.348070530267822,-66.06560637086571
A,S,-10.733107042569543,-74.19041942182436
A,G,11.615729117687604,91.21719964235075
A,H,130.63895273744822,-150.7450923405581
A,Y,111.42446107376223,-78.67026340096412
A,G,-163.07668864697882,-127.55555963529994
A,S,137.82776574178257,-84.13418098805847
A,L,-33.49457902191056,-73.4569467190319
A,T,165.5737643883934,-87.2392680489648
A,T,149.7813879251143,-125.3292876445417
A,W,129.65726144094944,-136.24996547974226
A,E,172.75870785026368,-145.97562250572938
A,K,131.0233798180424,-116.72094890630495
A,D,-175.24268759684045,-83.08564851569415
A,N,-13.584914421665147,-65.34449667578626
A,N,-1.471244803802098,-96.33439744264255
A,G,5.366448842908513,87.00138925915797
A,H,151.57725541539554,-83.2321558833008
A,L,124.38483855791758,-81.4839690602614
A,V,126.04114934574505,-123.79431929795511
A,G,148.73833734392667,-118.75469881919123
A,T,155.88395104574192,-130.52466423088126
A,L,118.28952689834368,-141.25212429693815
A,E,127.03518271041162,-125.82999688087743
A,M,163.9775068625038,-160.94746672535857
A,P,141.37843460432038,-62.51881295545925
A,M,78.76939012935071,-149.3935039719426
A,P,111.58158104592512,-89.43643591703857
A,V,162.69778599105524,-142.49549597075955
A,G,162.03271943933356,-130.5944661234667
A,L,-10.629878106150978,-100.6254910439139
A,V,155.5234171751331,-141.7485796963808
A,G,160.75799729947656,95.83883314057778
A,G,-128.48106235713612,55.2934640903748
A,A,4.04300072387161,-103.40052124188051
A,T,-34.35125218086783,-66.07756269389084
A,K,-25.975245329610605,-93.21710197807309
A,T,-47.060240293864204,-67.11783744669556
A,H,115.28181906682877,-83.99482444672971
A,P,-31.03917763281055,-54.4324342812373
A,L,-23.102697054266986,-80.44655769304518
A,A,-45.117084682506565,-61.247458015000625
A,Q,-41.70598878590182,-61.121888664440924
A,L,-41.165246391628614,-61.89093801191645
A,S,-43.82553077245605,-58.9296588515428
A,L,-35.24507605250365,-63.60637618931459
A,R,-41.288283831403135,-66.26851939251961
A,I,-48.43576694643495,-59.06696004064389
A,L,-33.81143425198571,-66.08694639455209
A,G,15.44497688613129,75.51189831752691
A,V,137.5432451825385,-74.00175711230844
A,K,-5.217136406011748,-111.43722834260832
A,T,156.36027502631802,-140.6752346901503
A,A,-38.227591941702435,-63.04671205327078
A,Q,-31.699116639792223,-62.773919122936846
A,A,-44.10380642139911,-62.89871912295114
A,L,-47.41503467037477,-56.32811877837247
A,A,-37.501348098394686,-58.19473562250145
A,E,-42.9220039302699,-68.38685759061761
A,I,-40.783250612035694,-58.9498006613738
A,A,-50.74240355513076,-57.62301430950091
A,V,-32.98756206463846,-66.15531956917543
A,A,-45.56234005605369,-60.043515711471535
A,V,-40.82365778863328,-64.18778370109895
A,G,-43.73637538696246,-61.3919057691382
A,L,-44.810773660307525,-61.498293485263396
A,A,-42.77811901463747,-59.11665408940953
A,Q,-44.05317654300449,-66.44467197342298
A,N,-43.437093211574336,-59.85119014062053
A,L,-46.99468606827791,-53.466067012380336
A,G,-39.096323442462186,-62.40088222715135
A,A,-45.03367807609476,-66.32482520888804
A,M,-46.652482823960916,-59.57493895580104
A,R,-47.513061302178265,-63.46262075635642
A,A,-46.80142218697071,-62.25715663364823
A,L,-31.94100441062942,-68.19297189102232
A,A,-7.41904438501338,-80.6744621548008
A,T,0.7885083072027429,-120.15150927913687
B,D,113.52090267712545,-117.60633199763546
B,S,9.42060948985345,-94.8650670379662
B,R,-32.3426745190837,-64.0271084624619
B,L,62.917933483677906,47.23740502083058
B,P,136.06022017898806,-57.4632724635568
B,A,9.522101672768716,69.47742997635338
B,F,-40.67308638084838,-55.17818381698344
B,R,-23.324834038514418,-64.17724131779599
B,N,-8.102554420527918,-100.65686278209859
B,L,153.18924123634446,-77.72469448323565
B,S,158.23088671797638,-63.8854133973385
B,P,-38.8711819104351,-55.731983493338404
B,A,-39.61755029301314,-65.62438541795191
B,A,-38.58070031783517,-67.58079222823149
B,R,-44.62193448624536,-58.532042379165404
B,L,-38.68198213633304,-65.2412594342852
B,D,-47.40967556497119,-58.934069940997276
B,H,-41.343563233046446,-64.18533378335685
B,I,-28.597558525130324,-74.1777489680251
B,G,-40.85089489375481,-64.28252022056202
B,Q,-45.09337851978628,-60.5320839890452
B,L,-39.20226761229639,-64.91880872969867
B,L,-18.202529588665712,-91.29298811307433
B,G,42.154935490508166,67.23200166879217
B,L,138.34955818068582,-63.584767890162816
B,S,158.4177941102364,-63.98866458207357
B,H,-49.166529519099704,-47.05564669795092
B,D,-40.86870648733402,-62.367308258764986
B,D,-48.37802557093192,-61.96312302415329
B,V,-41.21502551822176,-59.01367821709957
B,S,-18.05615754517099,-67.178495630259
B,L,-20.64634739344259,-56.0060379561251
B,L,18.907579993619162,-117.48163198647319
B,A,-27.589016003469542,-82.39599700086926
B,N,158.14315179263852,-144.68217804244514
B,A,155.63654980745397,-63.31645796202284
B,G,34.37598880349724,93.34152578384814
B,A,-21.471050470858987,-68.96893483750748
B,L,102.76489041848482,-93.93517620603915
B,P,143.62920393057755,-59.970569062422754
B,M,-32.5246097511439,-59.90329177418093
B,D,-40.071992073991495,-58.23052621477735
B,I,-47.144905212376095,-75.6128532812094
B,A,-45.51921486448429,-53.87330540258247
B,N,-29.222063044636894,-65.8055419207718
B,G,-13.311216870058216,-81.62645994586565
B,M,-56.957505155286356,-80.40699169124942
B,I,175.46956321485732,-125.72938104290371
B,E,156.90956048526144,-95.27629259474891
B,N,33.33910980990613,61.584761572194225
B,V,131.68284411705423,-70.74158977337477
B,I,1.161159339463681,-120.55766340354117
B,G,-166.1897044690431,165.4621432282267
B,T,163.0600825114843,-127.84560328141306
B,F,122.86327535004365,-133.48233341583958
B,E,142.99822609745064,-93.91740831708202
B,L,158.04196132356944,-120.41249809438916
B,P,141.200020197791,-60.83725835838047
B,Y,118.00375528690351,-113.92752957450811
B,A,167.13348801731237,-128.95797720538772
B,V,117.28717044370863,-127.5331154689895
B,A,139.910698841083,-73.01130593026959
B,S,169.6743691432185,-99.29145380825743
B,N,-8.70122030748041,77.69089547755664
B,F,140.411443881257,-65.00466670542106
B,Q,129.51800079309086,-141.34223868743106
B,I,113.111263188575,-124.74579457990087
B,N,39.9025593746242,51.90630654976083
B,G,-7.220713558248918,92.43400721512269
B,R,129.90536108502258,-109.64238250229255
B,D,141.92395203831126,-71.8585619911946
B,V,141.90635262938255,-137.34915641805398
B,L,136.83008385712233,-97.47753382032921
B,V,107.87609667286834,-120.81963119928369
B,P,145.53742632629272,-77.0995644339051
B,L,138.09528160183163,-142.5811083957306
B,V,114.82575426644307,-125.96471688809748
B,V,164.06315956687402,-164.69625994184372
B,E,-11.970895060397606,-102.5342610064297
B,E,134.80394661997406,-100.53807295046316
B,P,166.26201011990457,-69.14481574641545
B,S,-27.607909864116607,78.13270865774362
B,I,-60.15296150928917,-53.374929842115556
B,V,-40.46849411333179,-63.299207387115985
B,A,-45.40805707596658,-63.16332878417972
B,A,-42.0524296484817,-63.890622713971744
B,A,-44.61454282379053,-62.79572183013527
B,S,-47.13381860306569,-61.652518401392605
B,Y,-43.720132627262416,-66.68806800858054
B,M,-34.604438858773705,-65.55610891806701
B,A,-41.982927955705975,-62.493073039329204
B,K,-47.07444431966767,-54.378602869063464
B,L,-38.7945506585033,-64.52517951077176
B,A,-36.256511411684016,-61.67682347938019
B,R,-34.22551489404452,-57.16050234921373
B,A,-25.24916303349098,-62.13121944948618
B,N,26.907580861499607,-114.74841859351258
B,G,-0.24173836114093425,104.64757085082887
B,G,-159.49650119247366,73.94187170871946
B,F,135.69523996213158,-94.64107629843006
B,T,130.8518489809966,-107.07573503995395
B,T,154.50241877046912,-133.95611519054071
B,S,167.8336552475213,-153.57426284942574
B,S,155.3306007798559,-158.20535020737012
B,S,169.6497136561329,-82.48795816025473
B,A,158.23804782720217,-54.49957083193776
B,P,69.2148261253428,-78.79430713872142
B,L,129.92858188102613,-97.16976058104855
B,M,150.46482149070258,-119.98637414453489
B,H,138.98537661404254,-92.9513419727656
B,A,128.74624794868927,-116.21664085737224
B,Q,136.0702869848391,-100.22974680255487
B,V,112.70494939913753,-125.42941897288442
B,Q,127.5363803724143,-95.39838188403196
B,I,119.39524113869652,-126.0603621195483
B,V,168.8094015900235,-104.90008809770471
B,G,20.799852954102754,72.37570373843901
B,I,128.96877042842357,-93.95289993821228
B,Q,-21.56799045475054,-77.75560876402051
B,D,64.50598224496403,-129.19957767334344
B,P,-35.29046256611492,-59.97865885249689
B,L,-39.08607227126929,-72.07694072328475
B,N,-41.17137403730541,-67.28471987190983
B,A,-36.704837212662234,-60.05909790292667
B,R,-44.41184954534195,-59.49780574660463
B,L,-34.33261725337786,-65.16755643135687
B,S,-38.520423111085584,-60.457792686170805
B,L,-46.081528001944655,-67.28165318965947
B,L,-36.00672175465748,-63.79143378661862
B,R,-37.01023553043694,-61.279459221766594
B,R,24.13491867326969,-98.77599931571405
B,K,-34.16748336131259,-62.56915872434875
B,D,-39.68759889657899,-64.50589203549697
B,E,-43.26149441208885,-58.5268241370796
B,I,-43.42753225168405,-67.35218722426379
B,I,-41.39881969482368,-67.04117452408478
B,E,-39.20647662698092,-63.89108781769228
B,L,-44.38519535724984,-62.1915410129055
B,A,-40.327867361265845,-57.06612418288853
B,N,6.89955832089707,-89.164938600412
B,R,-43.20364285855416,-69.29657850094766
B,K,-40.991868351955944,-91.90259132863382
B,D,83.82546793132836,-85.24740378018036
B,Q,-39.753461007083075,-63.7771812869756
B,L,-48.077884425062145,-62.88555468289368
B,L,-43.72555947819531,-60.57459907828606
B,N,-42.59209018150013,-61.36116191878002
B,S,-21.103981903816607,-71.2365170640644
B,L,-1.2945671443719793,-87.9544423273335
B,G,17.14343547660843,95.88409690106337
B,G,-164.80615074740336,-107.8531258937656
B,G,175.24458394317998,127.70204185139754
B,C,125.18308995800122,-72.67373956107795
B,R,-33.524640849813174,-102.89941655912219
B,D,169.99068899596733,-161.8853129048204
B,I,146.4171397946461,-132.54827835065277
B,E,157.9768358869583,-124.02006548646482
B,V,130.24075549701485,-135.20196833722403
B,H,146.79246317992406,-120.65161482372145
B,T,146.15059254267814,-121.12769039212267
B,F,77.99492642231849,-128.4824474189775
B,A,-23.425847531323836,-69.92804006860969
B,D,94.34492046437931,-124.73781139570725
B,T,171.65904428163776,-119.39540047086426
B,P,-6.63214865624807,-70.60339220889712
B,R,17.27950649084525,-115.16614456567224
B,G,-176.24365014873763,93.95351665016457
B,P,138.85369187591562,-72.27645206627169
B,M,139.95014335899515,-126.48349465289571
B,L,144.35380301576464,-112.68055221395522
B,V,107.92629972685587,-134.0768565593423
B,A,144.37776913597148,-84.78985480601747
B,H,124.94586442618241,-115.78261491948432
B,L,134.9166931554314,-83.65245222719042
B,I,114.65105139190838,-103.92828170737114
B,V,128.2664274993486,-126.54728601495712
B,D,117.00356261086678,-87.066637446255
B,V,10.553496338244276,-105.86724536575699
B,R,-116.3522388217757,54.43472277546297
B,D,11.915094936734134,-96.93036744690622
B,A,160.45557492173987,-95.69652115886801
B,M,-47.37577735970126,-62.32272753221159
B,G,-1.843869926597226,118.65982992420325
B,A,-55.249970014936686,-57.14600809260005
B,N,-45.09631660568433,-63.40370040374966
B,T,-56.57807215599771,-48.80635429693324
B,V,-31.511926487691664,-77.48636787984269
B,N,-43.06098147164289,-60.355139465848175
B,T,-45.302620546655234,-62.493820547151174
B,M,-40.410515262916306,-64.6473595737836
B,A,-39.74500524335086,-60.78744114420235
B,E,-37.739218442911465,-67.86908935404428
B,A,-42.845949705148854,-69.83531478774206
B,V,-14.342333157260557,-78.42522171121145
B,A,-50.86281560987134,-55.77828574553621
B,P,-46.75427588427629,-53.93281746017847
B,L,-42.53687784914068,-62.66480505343329
B,M,-37.06067136554991,-62.06912800324899
B,E,-38.88180311118714,-62.303883333677284
B,A,-41.01654843273196,-67.68242005566273
B,I,-42.36146326645568,-70.6290713333066
B,T,-34.162372698194694,-92.87172583976842
B,G,10.558570708829874,83.38840194006451
B,G,172.67482595283073,-94.54745379450793
B,Q,121.38266379302114,-91.59785464088527
B,V,130.39648012835673,-64.63852570917986
B,R,-103.27940188952488,-111.79692899026053
B,L,137.59485265277118,-68.5872468684888
B,R,106.01261028035795,-131.66272801606192
B,I,141.4094961909083,-168.78567378519696
B,L,158.8194835748471,-57.01994156217439
B,S,133.6087567957843,-101.51940292644255
B,N,-5.710394966691693,-79.69987397296092
B,L,78.18582178231786,-86.17314502100075
B,A,60.05353178630655,-87.02751643575215
B,D,5.910493575322551,-79.33726280261459
B,L,2.239563969324718,-102.8850482647653
B,R,65.96552426691927,-119.09144593650274
B,L,146.36001241996502,-93.03474674490671
B,A,147.64966212946263,-127.25501638096327
B,R,140.32731885229546,-130.9886347295412
B,A,147.21090376828766,-138.5634227859939
B,Q,147.7958211001421,-126.32595844811917
B,V,155.82156478040437,-140.65613169212008
B,R,136.68076712750553,-141.1791059174986
B,I,136.93529239705325,-134.21572871211052
B,T,158.23713429265436,-99.45168230055863
B,P,-35.029350092982625,-61.900440828940894
B,Q,-31.616520847061047,-59.40282145387752
B,Q,-20.16398195979145,-70.8725912589609
B,L,-4.613097067421259,-104.66851183030863
B,E,136.62113561844083,-56.29783787986332
B,T,179.91498241325547,-119.6624679973363
B,A,-33.84299674664988,-60.51918339100762
B,E,-34.53189702020882,-93.06378761121368
B,F,142.4274439677778,-126.71148176568387
B,S,158.29407642244655,-65.76402235482342
B,G,-35.25398374893791,-63.667003566068686
B,E,-43.95324263684359,-59.7419211165491
B,A,-38.30996276757918,-66.25939169736537
B,V,-42.795930331769455,-60.121720691768694
B,I,-47.991962410349174,-55.34574077436523
B,E,-39.2240865381372,-61.91349289783594
B,G,-37.66538804170324,-63.30060367963075
B,I,-39.53886130596696,-67.72980877267904
B,L,-39.55618038339901,-64.68391984588557
B,D,-42.47100716884944,-59.49715888530906
B,A,-35.65431071038829,-66.54990082193257
B,Y,-47.8702321877511,-66.35806461557694
B,A,-37.28192667920892,-58.61993880972495
B,F,-47.50960231789442,-59.976482014614604
B,A,-38.16789880774073,-58.95898188354524
B,A,-26.290928614997842,-69.76005001722785
B,V,-29.47572809927236,-100.02680257632042
B,D,111.78657376100954,-114.47502453563254
B,P,-31.50211409906684,-55.5666878119284
B,Y,-33.6031854758611,-63.990524437114225
B,R,-43.29595985301487,-82.30970273027341
B,A,-39.595071937705214,-54.04097385380362
B,A,-45.581177943426745,-58.761932189773965
B,T,-48.29720520015213,-68.25281220755237
B,H,-51.7748760956263,-54.945886950503315
B,N,-32.26664696919047,-67.13030519532589
B,K,-40.714921766338854,-59.389549833944905
B,G,-36.85787500582656,-62.46915222081352
B,I,-48.754148403553394,-57.31560879693965
B,M,-24.01044446201479,-70.33074418989854
B,N,-37.020303680528514,-56.816863936344795
B,G,-43.71694042402567,-76.53313585286237
B,I,-51.77754573581964,-80.366000713022
B,D,-42.74086721278182,-54.74519214051517
B,P,-26.314801124438937,-60.78824342627978
B,L,-36.47309372869086,-76.37894000718754
B,I,-47.440848947485634,-61.19023219629726
B,V,-42.98040782815209,-61.58744933667024
B,A,-28.3158545364676,-60.62700080557212
B,T,17.240350974422,-102.56856481635704
B,G,15.161940495924144,68.2075003768216
B,N,165.20200702445513,-92.59058778460177
B,D,106.83647990253047,-83.86935829967433
B,W,-20.417648698064845,-79.68244427147346
B,R,-35.227376893442624,-67.865500927545
B,A,-40.88426894852779,-69.63148039102668
B,V,-46.45957946444083,-64.8150309966853
B,E,-49.07290587534714,-55.87364579824999
B,A,-43.68516915978623,-64.46074165788652
B,G,-40.69304388795055,-60.88508396376723
B,A,-57.64165083172057,-65.97748166264662
B,H,-34.466893284229016,-71.85920618680473
B,A,-38.351737848029465,-64.0818787187833
B,Y,-34.931270264095325,-65.93670112274367
B,A,-21.358352766082234,-63.62510160326474
B,C,25.15626840038304,-114.61377896544903
B,R,-26.112570700616732,-64.86592133192104
B,S,-10.90045106218658,-79.2011312800235
B,G,8.864277961331252,90.8735344667919
B,H,129.7926907890972,-140.34472486952498
B,Y,106.88534480931885,-79.10842801118098
B,G,-164.3411198115309,-123.14202306139384
B,S,132.41643337018218,-80.672598225646
B,L,-33.83297795791814,-70.70571234275216
B,T,161.88482320632644,-85.01286310801305
B,T,149.430060905726,-122.49212317968599
B,W,130.07463156581557,-136.19521108146654
B,E,171.47665029242395,-141.58950579208232
B,K,129.28993640952143,-112.17644687164736
B,D,177.05153641581705,-82.35901382171838
B,N,-16.146281080289082,-65.65142176082453
B,N,0.38769646631574356,-89.01086705096347
B,G,6.023930744376863,85.93867697990665
B,H,145.10165757193445,-80.29246989896741
B,L,122.37648392073787,-80.77466150673784
B,V,130.00339467655763,-122.15289658326886
B,G,147.97701378460752,-121.70233619312972
B,T,152.83668087804017,-126.41915299820865
B,L,118.46394717082441,-137.90873389215014
B,E,126.2946796032515,-126.0998034752795
B,M,162.71174696914863,-158.76759966752115
B,P,138.86547833632588,-59.73827892837484
B,M,79.41270416891503,-147.4052313554329
B,P,114.25523926194992,-87.82967437120075
B,V,166.93661189523195,-141.95148054431374
B,G,150.60401659183435,-131.32654467049994
B,L,-9.790944268439757,-94.77870510301177
B,V,169.19824833840903,-130.14930839131372
B,G,129.51385049691515,94.1484840695233
B,G,-138.75152804702998,54.276707431219734
B,A,-23.678485875999016,-61.85086777413779
B,T,-36.18778476385672,-60.89495448886825
B,K,-44.81556629193341,-83.55240644857828
B,T,-21.262953134284402,-86.57180665266483
B,H,121.24625851338565,-85.68556405183755
B,P,-28.378588214814954,-57.35989623914348
B,L,-24.584662009232932,-83.13256366714248
B,A,-40.2619590780895,-65.46968865941614
B,Q,-43.014738856465485,-66.50339268330121
B,L,-42.694888150571195,-56.79372126578376
B,S,-43.817462663582496,-61.45412752051541
B,L,-38.14373273718812,-60.133087903689216
B,R,-46.94489447692237,-61.394768521007805
B,I,-44.796241535411525,-57.49563720944338
B,L,-36.63792688689484,-69.02062999026316
B,G,17.47288242420117,76.3723583841875
B,V,141.32121220763383,-71.01324135783268
B,K,-12.766845806315267,-112.86982765911763
B,T,163.75267664669906,-134.80983730889017
B,A,-34.88725784465616,-66.79093028516108
B,Q,-29.880181444299676,-67.96229321652349
B,A,-38.415578582761846,-66.84923250273955
B,L,-42.44571485380097,-63.27336829079667
B,A,-42.36975509849687,-60.438869783786075
B,E,-38.42826397529745,-63.758319789807956
B,I,-41.45270563667829,-65.92756651374226
B,A,-51.292057519769244,-54.165231503875425
B,V,-31.96393811772124,-68.37132395664709
B,A,-45.737570221947834,-58.49284095036846
B,V,-42.09241324581097,-65.74564658517924
B,G,-43.22178040352803,-59.005711386761114
B,L,-46.342630131409464,-61.235346739349424
B,A,-41.16292001267317,-63.35778800027602
B,Q,-47.081699537565555,-62.5184471564412
B,N,-42.61593795305998,-59.483931013371
B,L,-42.20912082497899,-61.44148179199828
B,G,-40.307713811385234,-63.709131424101805
B,A,-50.847324021788666,-65.67563346093293
B,M,-43.73097878657752,-60.39147492013229
B,R,-45.07975436822963,-57.547011690843455
B,A,-46.14084776698591,-62.856016151831064
B,L,-34.18258421908681,-67.89343384327266
B,A,-20.655627975282695,-74.35523294561557
B,T,-7.056258822843987,-108.624771476435
B,E,121.65596188636664,-69.4160782875564
B,G,155.32321963815704,-58.73314489716192
B,I,133.61041600490788,-75.95579275598975
